1569849999 1
1569850203 1
1569850734 2
1569851016 2
1569851222 1
1569851572 3
1569851779 3
1569852008 3
1569852238 2
1569852475 2
1569853083 3
1569853397 2
1570543123 3
1570543485 4
1570543696 3
1570544612 3
1570544871 3
1570545072 3
1570545289 3
1571322996 3
1571325114 2
1571325310 2
1571325515 2
1571325716 2
1571325912 3
1571326113 3
1571326804 2
1571327020 2
1571327228 1
1571395905 3
1571396101 3
1571396298 2
1571396498 4
1571396696 2
1571396924 3
1571397128 2
1571397330 2
1571397526 3
1571397723 3
1571404972 2
1571405170 2
1571405368 3
1571405596 3
1571405800 3
1571409018 1
1571409220 1
1571409421 1
1571409638 1
1571409836 1
1571664404 2
1571664945 2
1571665149 3
1571665360 2
1571665554 2
1571665749 2
1571668167 1
1571668366 1
1571668570 1
1571668764 1
1571668964 3
1571752038 3
1571752233 3
1571752433 3
1571752637 2
1571752832 2
1571753028 2
1571753225 4
1571753422 3
1571753620 3
1571753817 3
1571760175 2
1571760370 3
1571760574 2
1571760770 4
1571760972 4
1571761180 3
1571761379 2
1571761574 3
1571761770 4
1571761978 3
1572003281 3
1572003477 2
1572003673 2
1572003871 3
1572004067 2
1572004263 3
1572004457 3
1572004656 3
1572004858 3
1572005057 3
1572011258 2
1572011455 2
1572011651 2
1572011848 3
1572012044 2
1572012242 2
1572012436 2
1572012631 2
1572012826 3
1572013020 2
1572265079 3
1572265276 3
1572265474 3
1572265673 3
1572265878 2
1572266080 3
1572266277 2
1572266477 4
1572266677 3
1572266879 3
1572274142 2
1572274314 3
1572274483 2
1572274656 2
1572274823 2
1572274993 2
1572275165 1
1572275341 2
1572275511 1
1572275684 1
1572361293 3
1572361489 3
1572361685 3
1572361880 3
1572362079 2
1572362273 3
1572362469 4
1572362668 2
1572362863 3
1572363059 4
1572366933 3
1572367101 2
1572367271 4
1572367439 4
1572367621 2
1572367799 3
1572367968 3
1572368137 1
1572368303 2
1572368468 3
1572532410 4
1572532610 3
1572532816 2
1572544521 1
1572544689 2
1572544860 2
1572545032 3
1572545206 2
1572870033 3
1572870252 2
1572870433 3
1572870655 4
1572870825 2
1572965414 4
1572965581 3
1572965748 4
1572965918 2
1572966090 4
1572966256 2
1572966427 3
1572966611 3
1572966790 3
1572966954 3
1573207062 4
1573207230 3
1573207399 3
1573207564 3
1573207734 3
1573207902 3
1573208069 3
1573208234 3
1573208402 3
1573208568 3
1573220303 6
1573220470 3
1573220638 2
1573220807 3
1573220975 3
1573221142 3
1573221306 3
1573221476 3
1573221643 2
1573221812 4
1573222000 3
1573222171 3
1573222338 2
1573222504 3
1573222674 3
1573301152 4
1573301321 3
1573301502 2
1573301670 2
1573301857 3
1573302035 4
1573302203 2
1573302378 2
1573302547 2
1573302728 2
1573303866 3
1573304030 3
1573304190 2
1573304357 2
1573304516 4
1573304682 3
1573304841 2
1573305001 3
1573305163 3
1573305323 3
1573752495 3
1573752753 2
1573752913 2
1573753071 3
1573753229 2
1573753383 3
1573753542 4
1573753695 2
1573753857 2
1573754677 2
1573754837 2
1573754998 2
1573755164 2
1573755327 2
1573755485 2
1573755639 3
1573755797 2
1573755956 2
1573756113 3
1573831421 0
1573831579 0
1573831737 0
1573831909 0
1573832061 0
1573832223 0
1573832377 0
1573832544 0
1573832699 0
1573832855 0
1573833050 0
1573833206 0
1573833370 0
1573833527 0
1573833685 0
1573901059 3
1573901217 2
1573901374 3
1573901529 3
1573901690 2
1573901844 3
1573901999 4
1573902157 3
1573902315 2
1573902470 2
1574685788 0
1574685978 0
1574686150 2
1574686310 0
1574686469 0
1574686635 2
1574686799 0
1574686985 0
1574687161 3
1574687324 0
1574689653 0
1574689869 0
1574690039 3
1574690208 0
1574690378 0
1574690537 3
1574690709 0
1574690868 0
1574691053 3
1574691232 0
1574706854 3
1574707096 0
1574954199 0
1574954363 3
1574954540 3
1574954704 0
1574954886 4
1574955045 2
1574955303 0
1574955463 2
1574955621 3
1574955783 0
1575026530 0
1575026692 0
1575026853 3
1575027013 0
1575027177 0
1575027338 2
1575027504 0
1575027661 0
1575027826 2
1575027990 2
1575112846 0
1575113007 0
1575113169 2
1575113330 0
1575113490 0
1575113647 4
1575113805 1
1575113963 2
1575114127 3
1575114287 0
1575289776 0
1575289943 0
1575290110 2
1575290291 0
1575290463 4
1575290639 3
1575290808 0
1575290965 4
1575291127 3
1575291289 0
1575384177 0
1575384337 2
1575384498 3
1575384657 0
1575384820 0
1575384977 2
1575385139 1
1575385298 3
1575385458 4
1575385622 0
1575556559 0
1575556720 2
1575556892 3
1575557077 0
1575557247 2
1575557431 3
1575557604 0
1575557779 3
1575558236 0
1575558425 0
1579184056 1
1579184772 0
1579184933 3
1579185095 2
1579185271 1
1579185447 3
1579185631 2
1579185810 0
1579185997 3
1579186170 3
1579351786 1
