1569850046 5
1569850807 5
1569851064 5
1569851269 3
1569851619 2
1569851832 2
1569852061 1
1569852285 3
1569852522 4
1569853141 0
1569853450 1
1570543169 1
1570543532 2
1570543741 2
1570544659 0
1570544918 3
1570545118 3
1570545335 2
1571323042 7
1571325160 7
1571325356 8
1571325562 10
1571325762 9
1571325958 9
1571326302 9
1571326850 10
1571327066 8
1571327275 7
1571395952 8
1571396149 4
1571396345 3
1571396545 6
1571396744 3
1571396970 2
1571397174 0
1571397376 1
1571397572 0
1571397770 4
1571405018 2
1571405216 4
1571405414 3
1571405643 4
1571405846 4
1571409064 5
1571409266 9
1571409468 9
1571409685 8
1571409883 7
1571664997 2
1571665195 0
1571665406 1
1571665600 3
1571665796 5
1571668213 6
1571668412 7
1571668616 8
1571668810 9
1571669011 10
1571752084 4
1571752280 4
1571752479 0
1571752684 3
1571752879 2
1571753074 1
1571753272 4
1571753469 5
1571753666 3
1571753863 6
1571760221 1
1571760419 0
1571760620 1
1571760816 2
1571761018 3
1571761227 4
1571761426 6
1571761621 2
1571761817 3
1571762024 2
1572003327 4
1572003523 2
1572003719 5
1572003917 6
1572004113 4
1572004309 3
1572004503 1
1572004702 0
1572004904 1
1572005103 1
1572011304 4
1572011501 8
1572011697 5
1572011895 7
1572012091 7
1572012288 8
1572012483 6
1572012677 6
1572012872 7
1572013066 6
1572265126 6
1572265322 6
1572265521 4
1572265719 3
1572265925 5
1572266126 3
1572266324 5
1572266525 6
1572266723 3
1572266926 4
1572274181 9
1572274354 7
1572274522 8
1572274695 6
1572274863 6
1572275032 8
1572275204 7
1572275381 7
1572275549 8
1572275723 9
1572361341 5
1572361537 2
1572361731 0
1572361926 0
1572362125 0
1572362319 4
1572362515 5
1572362714 7
1572362910 6
1572363106 5
1572366972 1
1572367140 4
1572367312 4
1572367478 1
1572367661 0
1572367838 0
1572368007 0
1572368175 0
1572368342 2
1572368507 2
1572532456 7
1572532657 5
1572532862 4
1572544559 8
1572544728 8
1572544899 9
1572545072 8
1572545245 11
1572870074 7
1572870291 7
1572870474 5
1572870695 6
1572870863 5
1572965453 4
1572965621 6
1572965788 7
1572965957 5
1572966129 7
1572966295 5
1572966466 2
1572966650 3
1572966829 2
1572966993 2
1573207101 2
1573207269 4
1573207438 0
1573207603 1
1573207773 2
1573207940 1
1573208107 3
1573208273 0
1573208441 2
1573208606 2
1573220342 3
1573220509 2
1573220677 4
1573220846 0
1573221014 2
1573221180 2
1573221344 1
1573221515 1
1573221681 2
1573221851 6
1573222039 4
1573222210 3
1573222377 3
1573222543 3
1573222712 1
1573301191 2
1573301359 5
1573301541 5
1573301709 2
1573301895 4
1573302075 4
1573302243 3
1573302417 4
1573302586 4
1573302769 4
1573303903 3
1573304067 2
1573304228 3
1573304394 3
1573304553 3
1573304719 5
1573304878 5
1573305039 7
1573305200 6
1573305360 7
1573752532 4
1573752790 3
1573752949 1
1573753108 6
1573753265 4
1573753420 6
1573753579 6
1573753732 11
1573753893 8
1573754713 7
1573754873 6
1573755035 10
1573755201 5
1573755364 8
1573755521 2
1573755675 4
1573755834 0
1573755992 1
1573756151 6
1573831457 5
1573831615 8
1573831774 9
1573831945 9
1573832097 5
1573832260 9
1573832417 7
1573832580 7
1573832736 6
1573832891 8
1573833087 8
1573833242 4
1573833406 8
1573833564 6
1573833721 8
1573901096 3
1573901253 1
1573901409 4
1573901565 5
1573901726 3
1573901880 3
1573902036 3
1573902193 3
1573902351 3
1573902507 4
1574685825 8
1574686018 7
1574686186 2
1574686349 7
1574686506 8
1574686672 2
1574686836 5
1574687022 5
1574687197 4
1574687361 7
1574689690 6
1574689906 9
1574690075 3
1574690245 5
1574690415 6
1574690575 1
1574690746 7
1574690905 8
1574691090 5
1574691269 8
1574706890 8
1574707133 0
1574954235 7
1574954400 8
1574954577 0
1574954741 8
1574954926 5
1574955082 0
1574955340 8
1574955499 4
1574955658 2
1574955819 7
1575026568 6
1575026728 6
1575026889 3
1575027050 5
1575027213 6
1575027375 4
1575027541 3
1575027698 8
1575027862 1
1575028026 8
1575112883 5
1575113047 7
1575113205 2
1575113368 5
1575113526 9
1575113685 2
1575113842 7
1575114000 8
1575114163 10
1575114324 8
1575289813 8
1575289979 5
1575290147 4
1575290334 8
1575290503 9
1575290680 1
1575290846 8
1575291002 8
1575291164 4
1575291326 5
1575384214 7
1575384373 4
1575384534 2
1575384695 6
1575384856 9
1575385016 0
1575385176 6
1575385335 7
1575385499 9
1575385658 7
1575556595 6
1575556756 8
1575556928 2
1575557114 5
1575557283 2
1575557467 7
1575557643 5
1575557815 4
1575558275 7
1575558461 8
1579184094 7
1579184808 9
1579184970 11
1579185134 2
1579185307 8
1579185486 4
1579185667 8
1579185846 7
1579186035 4
1579186206 7
1579351830 9
1579351990 8
