1569849956 5
1569850160 3
1569850692 4
1569850973 5
1569851179 4
1569851528 5
1569851735 4
1569851965 5
1569852195 5
1569852432 5
1569853040 6
1569853351 4
1570543078 5
1570543439 4
1570543641 6
1570544570 5
1570544774 4
1570545031 5
1570545240 6
1571322949 5
1571325072 5
1571325269 5
1571325468 6
1571325672 4
1571325871 5
1571326072 6
1571326763 5
1571326975 5
1571327182 4
1571395864 6
1571396060 4
1571396257 4
1571396456 7
1571396654 7
1571396853 5
1571397082 4
1571397287 5
1571397485 4
1571397682 6
1571404929 4
1571405129 4
1571405326 4
1571405526 4
1571405758 3
1571408947 3
1571409178 1
1571409380 1
1571409579 3
1571409795 4
1571664362 3
1571664906 4
1571665109 4
1571665320 5
1571665514 4
1571665709 5
1571668127 4
1571668326 5
1571668530 5
1571668724 5
1571668927 4
1571751998 4
1571752192 3
1571752392 4
1571752597 5
1571752792 5
1571752988 5
1571753185 6
1571753382 5
1571753580 5
1571753776 4
1571760135 6
1571760330 3
1571760535 6
1571760730 5
1571760931 4
1571761140 4
1571761340 4
1571761535 3
1571761730 4
1571761942 4
1572003241 4
1572003435 5
1572003633 5
1572003831 4
1572004027 3
1572004223 4
1572004417 4
1572004617 4
1572004818 5
1572005017 5
1572011219 5
1572011415 3
1572011609 4
1572011808 4
1572012005 5
1572012202 4
1572012397 4
1572012591 4
1572012786 5
1572012979 3
1572265039 4
1572265236 5
1572265434 5
1572265632 5
1572265834 4
1572266040 5
1572266233 5
1572266437 4
1572266637 5
1572266835 4
1572274106 4
1572274279 4
1572274452 4
1572274616 4
1572274788 5
1572274958 4
1572275127 4
1572275306 5
1572275474 4
1572275649 5
1572361252 3
1572361450 3
1572361645 4
1572361840 6
1572362040 5
1572362233 5
1572362429 4
1572362625 4
1572362824 5
1572363019 4
1572366899 6
1572367066 4
1572367235 3
1572367404 4
1572367587 4
1572367763 4
1572367934 4
1572368102 4
1572368268 3
1572368434 4
1572532369 4
1572532571 4
1572532776 5
1572544486 5
1572544654 3
1572544824 4
1572544998 5
1572545172 4
1572869998 5
1572870166 7
1572870387 5
1572870572 5
1572870788 5
1572965380 4
1572965547 5
1572965714 5
1572965884 4
1572966055 6
1572966221 4
1572966392 4
1572966577 4
1572966756 5
1572966920 4
1573207026 5
1573207195 4
1573207364 3
1573207530 4
1573207700 3
1573207868 5
1573208034 5
1573208199 4
1573208367 3
1573208533 5
1573220269 4
1573220436 4
1573220604 3
1573220772 3
1573220940 3
1573221108 4
1573221272 4
1573221441 4
1573221607 5
1573221777 4
1573221966 5
1573222137 3
1573222304 3
1573222468 6
1573222637 5
1573301117 4
1573301287 4
1573301468 4
1573301640 4
1573301822 4
1573302000 5
1573302169 6
1573302343 4
1573302512 5
1573302678 4
1573303833 4
1573303993 4
1573304157 5
1573304323 4
1573304482 5
1573304650 5
1573304809 5
1573304968 4
1573305131 5
1573305291 3
1573752463 4
1573752721 5
1573752880 4
1573753038 3
1573753196 5
1573753350 5
1573753509 5
1573753663 5
1573753825 4
1573754645 5
1573754804 4
1573754965 3
1573755133 4
1573755293 4
1573755451 5
1573755607 4
1573755766 4
1573755923 4
1573756080 5
1573831388 5
1573831546 3
1573831704 2
1573831878 3
1573832030 4
1573832189 4
1573832345 4
1573832512 4
1573832667 4
1573832822 3
1573833017 3
1573833175 3
1573833338 4
1573833495 4
1573833653 4
1573901027 4
1573901185 5
1573901341 4
1573901496 3
1573901658 3
1573901812 4
1573901966 4
1573902125 5
1573902282 5
1573902438 6
1574685754 5
1574685943 6
1574686117 5
1574686274 7
1574686436 5
1574686602 5
1574686758 5
1574686950 5
1574687114 4
1574687291 5
1574689621 4
1574689835 4
1574690006 5
1574690172 5
1574690345 4
1574690505 3
1574690674 3
1574690835 3
1574691019 3
1574691199 3
1574706820 5
1574707064 0
1574954167 4
1574954330 6
1574954505 5
1574954670 3
1574954854 6
1574955011 4
1574955271 4
1574955429 5
1574955589 5
1574955750 6
1575026497 4
1575026659 3
1575026820 5
1575026980 3
1575027144 3
1575027305 5
1575027471 4
1575027627 4
1575027792 5
1575027957 3
1575112813 4
1575112975 4
1575113137 5
1575113297 4
1575113455 4
1575113615 6
1575113772 5
1575113930 5
1575114091 4
1575114255 6
1575289742 4
1575289910 4
1575290075 5
1575290258 4
1575290430 4
1575290607 4
1575290775 2
1575290937 4
1575291094 5
1575291256 3
1575384145 6
1575384305 5
1575384465 5
1575384623 6
1575384788 5
1575384943 5
1575385104 3
1575385266 5
1575385425 7
1575385589 4
1575556525 5
1575556687 5
1575556851 6
1575557031 3
1575557213 3
1575557398 4
1575557571 3
1575557745 6
1575558203 5
1575558393 4
1579184024 4
1579184739 3
1579184901 3
1579185062 4
1579185237 5
1579185413 3
1579185596 5
1579185770 4
1579185964 5
1579186136 4
1579351754 5
