1569849895 2
1569850097 3
1569850857 4
1569851114 2
1569851450 3
1569851667 2
1569851879 4
1569852107 2
1569852336 3
1569852570 2
1569852649 0
1569852961 3
1569853214 2
1569853507 3
1569853981 2
1569855125 2
1569855564 2
1570446900 2
1570447993 2
1570448055 2
1570448704 3
1570449188 3
1570449614 2
1570542986 3
1570543220 3
1570543577 3
1570543793 2
1570544705 3
1570544967 2
1570545166 4
1571322888 3
1571323089 2
1571323601 2
1571324004 2
1571324402 3
1571324794 2
1571325206 2
1571325406 1
1571325608 2
1571325809 2
1571326006 2
1571326534 2
1571326909 4
1571327118 3
1571327326 3
1571327725 2
1571328115 2
1571328507 2
1571328897 2
1571329290 1
1571329678 1
1571330596 0
1571395806 2
1571395998 3
1571396195 3
1571396394 3
1571396591 2
1571396790 2
1571397020 2
1571397223 3
1571397422 3
1571397618 3
1571397816 2
1571398229 2
1571398625 3
1571399016 2
1571399408 2
1571399800 3
1571400197 2
1571400617 3
1571401018 2
1571401410 3
1571404867 3
1571405064 3
1571405264 3
1571405463 2
1571405694 1
1571406773 1
1571407180 2
1571407573 3
1571407963 2
1571408354 1
1571408746 2
1571409114 2
1571409316 2
1571409515 2
1571409731 1
1571664300 2
1571664537 3
1571665048 2
1571665258 3
1571665452 2
1571665647 2
1571665842 2
1571666238 1
1571666629 2
1571667021 2
1571667412 1
1571667858 1
1571668264 2
1571668458 1
1571668662 1
1571668857 3
1571669057 2
1571669508 1
1571751942 2
1571752130 2
1571752328 2
1571752533 3
1571752729 2
1571752926 2
1571753122 2
1571753319 3
1571753517 3
1571753712 2
1571753909 3
1571754419 2
1571754809 2
1571755213 1
1571755614 1
1571755966 3
1571756135 2
1571756842 3
1571757281 3
1571757697 2
1571758095 2
1571758485 1
1571760070 2
1571760268 2
1571760466 2
1571760666 2
1571760866 2
1571761065 3
1571761278 2
1571761471 2
1571761666 2
1571761865 2
1571762100 4
1571762492 2
1571762888 1
1571763278 1
1571763669 2
1571764074 3
1571764488 1
1571764880 3
1571765269 2
1571765660 2
1571766049 2
1571766957 1
1571767018 2
1571922171 2
1572003155 2
1572003373 3
1572003571 3
1572003768 2
1572003964 2
1572004159 2
1572004355 2
1572004552 2
1572004754 3
1572004953 2
1572006243 2
1572006959 2
1572007377 2
1572007871 3
1572008281 1
1572008683 1
1572009079 1
1572009467 2
1572009858 2
1572010249 2
1572010645 2
1572011035 3
1572011353 2
1572011548 2
1572011747 2
1572011941 2
1572012138 3
1572012334 3
1572012529 2
1572012722 3
1572012917 2
1572013112 2
1572013598 2
1572013992 2
1572014383 3
1572014773 2
1572264952 2
1572265172 2
1572265372 2
1572265569 2
1572265768 3
1572265971 4
1572266172 2
1572266372 2
1572266570 2
1572266770 3
1572268057 3
1572268116 5
1572268830 3
1572269238 3
1572269645 2
1572270062 2
1572270458 2
1572270850 2
1572272220 3
1572272547 2
1572272883 1
1572273217 1
1572273562 2
1572274057 2
1572274223 2
1572274398 2
1572274564 3
1572274736 1
1572274906 1
1572275075 2
1572275251 2
1572275422 2
1572275597 2
1572275987 2
1572276318 3
1572276658 2
1572276988 2
1572277319 2
1572277654 2
1572278013 2
1572278345 1
1572361118 3
1572361387 3
1572361583 3
1572361779 2
1572361975 3
1572362171 3
1572362366 2
1572362562 2
1572362762 2
1572362956 2
1572363155 4
1572363735 2
1572364064 2
1572364396 1
1572364728 3
1572365070 2
1572365400 3
1572365780 3
1572366159 2
1572366492 1
1572366825 3
1572367015 1
1572367183 2
1572367352 3
1572367521 1
1572367705 1
1572367882 1
1572368049 1
1572368219 1
1572368382 1
1572369532 0
1572369854 1
1572370183 2
1572370515 1
1572370846 1
1572371175 1
1572371506 2
1572371838 1
1572372167 1
1572372496 1
1572532176 2
1572532507 3
1572532714 2
1572532985 2
1572533840 2
1572534195 2
1572534542 1
1572534874 1
1572535222 3
1572535553 2
1572535887 2
1572536218 2
1572536581 2
1572536918 1
1572537784 0
1572537840 2
1572538441 0
1572538493 2
1572539099 0
1572539149 2
1572539751 1
1572539802 2
1572540400 0
1572540457 3
1572541311 0
1572541360 1
1572541957 0
1572542010 2
1572542607 2
1572542658 2
1572543253 0
1572543303 3
1572543926 0
1572543976 3
1572544602 3
1572544770 3
1572544944 2
1572545120 3
1572869929 3
1572870114 2
1572870334 2
1572870518 3
1572870737 2
1572870906 3
1572871675 2
1572871726 2
1572872323 1
1572872374 2
1572873005 1
1572873055 3
1572873653 1
1572873706 2
1572874311 2
1572874764 2
1572875377 2
1572875428 2
1572876243 1
1572876334 1
1572877456 0
1572877507 2
1572878112 1
1572878181 2
1572879355 2
1572879849 2
1572879899 1
1572880130 2
1572880465 3
1572880804 1
1572881150 1
1572881482 1
1572881817 2
1572882147 3
1572882538 3
1572882868 2
1572883227 3
1572965307 2
1572965495 2
1572965663 3
1572965832 3
1572965996 2
1572966168 2
1572966340 2
1572966506 2
1572966698 3
1572966869 3
1572967033 3
1572967742 1
1572967795 2
1572968728 2
1572969099 1
1572969698 0
1572969752 2
1572970359 0
1572970412 2
1572971010 1
1572971063 2
1572971673 1
1572971723 1
1572972334 1
1572972385 3
1572973046 1
1572973096 2
1572973699 1
1572973750 3
1572974351 0
1572974400 1
1572975005 2
1572975056 3
1572975455 3
1572975795 2
1572976157 2
1572976538 2
1572976866 2
1572977198 1
1572977560 1
1572977889 2
1573206959 2
1573207143 2
1573207311 2
1573207478 3
1573207645 3
1573207816 3
1573207983 3
1573208147 2
1573208314 2
1573208481 3
1573208650 2
1573209282 2
1573209336 1
1573209952 1
1573210002 2
1573210615 0
1573210666 2
1573211284 2
1573211335 1
1573211941 1
1573211991 1
1573212589 1
1573212640 2
1573213242 1
1573213293 3
1573213907 0
1573213958 1
1573214566 1
1573214617 3
1573215224 2
1573218121 3
1573218482 2
1573218816 2
1573218925 4
1573220218 2
1573220382 3
1573220551 2
1573220720 2
1573220888 2
1573221054 2
1573221220 2
1573221387 3
1573221556 2
1573221724 2
1573221890 3
1573222085 3
1573222252 2
1573222416 2
1573222583 2
1573301065 4
1573301234 3
1573301404 3
1573301585 3
1573301769 2
1573301941 2
1573302115 3
1573302292 2
1573302460 3
1573302625 2
1573303779 2
1573303943 2
1573304106 2
1573304267 2
1573304433 2
1573304596 4
1573304760 3
1573304918 1
1573305078 2
1573305241 1
1573306381 3
1573306715 3
1573307039 2
1573307374 2
1573307691 2
1573308013 2
1573308327 2
1573308658 2
1573308979 2
1573309301 2
1573310152 3
1573310727 1
1573310775 2
1573311343 2
1573311391 2
1573311961 2
1573312009 2
1573312660 0
1573312706 2
1573313279 3
1573313328 1
1573313902 2
1573313950 2
1573314530 2
1573314577 3
1573315147 4
1573741803 3
1573741860 2
1573741908 2
1573741978 2
1573743555 2
1573743609 3
1573743659 3
1573743711 3
1573743759 2
1573743810 4
1573743858 2
1573743909 1
1573743958 2
1573744007 3
1573744056 3
1573744104 2
1573744152 2
1573744201 3
1573744250 3
1573744300 2
1573744348 2
1573744396 2
1573744439 2
1573744487 2
1573744535 2
1573744599 3
1573744642 2
1573744692 3
1573744740 2
1573744806 3
1573744856 2
1573744904 3
1573744992 2
1573745040 2
1573745089 2
1573745224 3
1573745273 2
1573745321 3
1573745369 2
1573745424 3
1573745471 2
1573745521 4
1573745569 2
1573745621 2
1573745672 2
1573745721 2
1573745768 2
1573745822 2
1573745871 3
1573745921 3
1573745969 2
1573746017 2
1573746066 2
1573746117 1
1573746166 2
1573746215 2
1573746264 3
1573746317 1
1573746364 2
1573746417 1
1573746465 2
1573746515 3
1573746562 3
1573746610 2
1573748822 4
1573748931 1
1573748978 2
1573749027 1
1573749080 2
1573749128 2
1573749185 2
1573749240 1
1573749290 3
1573749334 1
1573749386 3
1573749467 2
1573749521 2
1573749572 1
1573749621 3
1573749672 1
1573749719 2
1573749771 2
1573749819 2
1573749867 2
1573752409 3
1573752615 3
1573752832 2
1573752989 3
1573753147 3
1573753302 2
1573753460 2
1573753615 2
1573753777 1
1573754599 2
1573754754 2
1573754913 2
1573755081 3
1573755244 2
1573755403 2
1573755557 3
1573755718 3
1573755875 3
1573756031 3
1573827929 2
1573828239 2
1573828547 1
1573828854 1
1573829159 3
1573829463 3
1573829844 3
1573830332 3
1573830641 1
1573830947 0
1573831252 2
1573831497 3
1573831656 3
1573831829 3
1573831982 2
1573832138 3
1573832297 2
1573832464 2
1573832616 1
1573832772 1
1573832927 1
1573833126 2
1573833288 3
1573833444 3
1573833605 2
1573900965 2
1573901136 3
1573901291 2
1573901446 3
1573901610 3
1573901764 2
1573901918 2
1573902074 3
1573902231 3
1573902387 3
1573902546 3
1573902888 3
1573903199 2
1573903513 2
1573903822 2
1573904132 2
1573904439 2
1573904511 2
1574685707 4
1574685882 3
1574686068 3
1574686224 3
1574686389 2
1574686545 2
1574686709 3
1574686875 3
1574687066 2
1574687237 2
1574687901 2
1574688211 2
1574689200 2
1574689250 3
1574689572 3
1574689760 3
1574689946 2
1574690118 2
1574690284 2
1574690455 3
1574690624 2
1574690785 3
1574690954 3
1574691134 2
1574691902 2
1574692222 1
1574692540 1
1574693451 1
1574693770 0
1574694100 1
1574694536 2
1574694962 1
1574695399 1
1574695742 0
1574706637 2
1574706684 3
1574706732 3
1574707016 0
1574707170 2
1574707985 2
1574708630 1
1574708658 0
1574708988 1
1574709109 4
1574709295 1
1574709893 2
1574710406 3
1574710453 3
1574710596 0
1574711150 0
1574950688 3
1574950997 2
1574951372 2
1574951727 2
1574952054 1
1574952369 3
1574952773 1
1574953134 2
1574953463 2
1574953789 3
1574954115 4
1574954280 2
1574954447 4
1574954619 3
