1569849999
1569850203
1569850734
1569851016
1569851222
1569851572
1569851779
1569852008
1569852238
1569852475
1569853083
1569853397
1570543123
1570543485
1570543696
1570544612
1570544871
1570545072
1570545289
1571322996
1571325114
1571325310
1571325515
1571325716
1571325912
1571326113
1571326804
1571327020
1571327228
1571395905
1571396101
1571396298
1571396498
1571396696
1571396924
1571397128
1571397330
1571397526
1571397723
1571404972
1571405170
1571405368
1571405596
1571405800
1571409018
1571409220
1571409421
1571409638
1571409836
1571664404
1571664945
1571665149
1571665360
1571665554
1571665749
1571668167
1571668366
1571668570
1571668764
1571668964
1571752038
1571752233
1571752433
1571752637
1571752832
1571753028
1571753225
1571753422
1571753620
1571753817
1571760175
1571760370
1571760574
1571760770
1571760972
1571761180
1571761379
1571761574
1571761770
1571761978
1572003281
1572003477
1572003673
1572003871
1572004067
1572004263
1572004457
1572004656
1572004858
1572005057
1572011258
1572011455
1572011651
1572011848
1572012044
1572012242
1572012436
1572012631
1572012826
1572013020
1572265079
1572265276
1572265474
1572265673
1572265878
1572266080
1572266277
1572266477
1572266677
1572266879
1572274142
1572274314
1572274483
1572274656
1572274823
1572274993
1572275165
1572275341
1572275511
1572275684
1572361293
1572361489
1572361685
1572361880
1572362079
1572362273
1572362469
1572362668
1572362863
1572363059
1572366933
1572367101
1572367271
1572367439
1572367621
1572367799
1572367968
1572368137
1572368303
1572368468
1572532410
1572532610
1572532816
1572544521
1572544689
1572544860
1572545032
1572545206
1572870033
1572870252
1572870433
1572870655
1572870825
1572965414
1572965581
1572965748
1572965918
1572966090
1572966256
1572966427
1572966611
1572966790
1572966954
1573207062
1573207230
1573207399
1573207564
1573207734
1573207902
1573208069
1573208234
1573208402
1573208568
1573220303
1573220470
1573220638
1573220807
1573220975
1573221142
1573221306
1573221476
1573221643
1573221812
1573222000
1573222171
1573222338
1573222504
1573222674
1573301152
1573301321
1573301502
1573301670
1573301857
1573302035
1573302203
1573302378
1573302547
1573302728
1573303866
1573304030
1573304190
1573304357
1573304516
1573304682
1573304841
1573305001
1573305163
1573305323
1573752495
1573752753
1573752913
1573753071
1573753229
1573753383
1573753542
1573753695
1573753857
1573754677
1573754837
1573754998
1573755164
1573755327
1573755485
1573755639
1573755797
1573755956
1573756113
1573831421
1573831579
1573831737
1573831909
1573832061
1573832223
1573832377
1573832544
1573832699
1573832855
1573833050
1573833206
1573833370
1573833527
1573833685
1573901059
1573901217
1573901374
1573901529
1573901690
1573901844
1573901999
1573902157
1573902315
1573902470
1574685788
1574685978
1574686150
1574686310
1574686469
1574686635
1574686799
1574686985
1574687161
1574687324
1574689653
1574689869
1574690039
1574690208
1574690378
1574690537
1574690709
1574690868
1574691053
1574691232
1574706854
1574707096
1574954199
1574954363
1574954540
1574954704
1574954886
1574955045
1574955303
1574955463
1574955621
1574955783
1575026530
1575026692
1575026853
1575027013
1575027177
1575027338
1575027504
1575027661
1575027826
1575027990
1575112846
1575113007
1575113169
1575113330
1575113490
1575113647
1575113805
1575113963
1575114127
1575114287
1575289776
1575289943
1575290110
1575290291
1575290463
1575290639
1575290808
1575290965
1575291127
1575291289
1575384177
1575384337
1575384498
1575384657
1575384820
1575384977
1575385139
1575385298
1575385458
1575385622
1575556559
1575556720
1575556892
1575557077
1575557247
1575557431
1575557604
1575557779
1575558236
1575558425
1579184056
1579184772
1579184933
1579185095
1579185271
1579185447
1579185631
1579185810
1579185997
1579186170
1579351786
