1540125338
1540126639
1540127967
1540129032
1540130006
1540131463
1540133126
1540135476
1540137813
1540141521
1540147083
1540158696
1540172626
1540174050
1540175695
1540176907
1540178366
1540179425
1540180377
1540181325
1540182280
1540182890
1540183681
1540184479
1540185116
1540185918
1540186762
1540187500
1540188150
1540188824
1540189459
1540190145
1540190826
1540191574
1540192237
1540192889
1540193659
1540194549
1540195250
1540196146
1540196942
1540197561
1540198296
1540198952
1540199649
1540200384
1540201236
1540201962
1540202647
1540203331
1540203959
1540204604
1540205483
1540206260
1540207026
1540207904
1540208902
1540209955
1540215922
1540217300
1540218917
1540220177
1540221929
1540223269
1540225834
1540228338
1540232202
1540238693
1540255046
1540259594
1540261074
1540262724
1540263798
1540264660
1540265582
1540266530
1540267191
1540268032
1540268865
1540269661
1540270328
1540271108
1540271827
1540272538
1540273381
1540274110
1540274881
1540275479
1540276145
1540276794
1540277570
1540278302
1540279129
1540279893
1540280565
1540281471
1540282202
1540283004
1540283693
1540284453
1540285297
1540286017
1540286652
1540287305
1540288041
1540288726
1540289312
1540289993
1540290619
1540291443
1540292272
1540293104
1540293976
1540294637
1540295247
1540296175
1540297019
1540297859
1540298879
1540300018
1540301455
1540302410
1540303787
1540304912
1540306332
1540308390
1540310476
1540312829
1540316171
1540321609
1540329215
1540343542
1540345882
1540347236
1540348594
1540349973
1540350894
1540351780
1540352708
1540353490
1540354279
1540355022
1540355760
1540356549
1540357287
1540357949
1540358688
1540359462
1540360134
1540360980
1540361803
1540362590
1540363303
1540363985
1540364823
1540365585
1540366441
1540367002
1540367659
1540368615
1540369370
1540370081
1540370682
1540371267
1540371949
1540372736
1540373463
1540374283
1540375024
1540375747
1540376352
1540377126
1540377773
1540378618
1540379585
1540380410
1540381266
1540382063
1540383215
1540384187
1540385196
1540386236
1540387176
1540388092
1540389007
1540390215
1540391456
1540392839
1540393988
1540395332
1540397954
1540399556
1540401985
1540405052
1540413230
1540429436
1540432444
1540433960
1540435831
1540437095
1540438315
1540439209
1540439862
1540440760
1540441549
1540442264
1540443170
1540443778
1540444480
1540445180
1540445785
1540446440
1540447225
1540447956
1540448861
1540449569
1540450216
1540450912
1540451724
1540452430
1540453224
1540454176
1540454879
1540455748
1540456344
1540457094
1540457742
1540458462
1540459272
1540459937
1540460726
1540461575
1540462403
1540463039
1540463776
1540464699
1540465445
1540466217
1540467055
1540467708
1540468503
1540469162
1540470163
1540470991
1540472040
1540472973
1540474253
1540475323
1540476510
1540478070
1540479360
1540480748
1540482688
1540485828
1540487570
1540494106
1540501106
1540511168
1540518272
1540519823
1540522300
1540523386
1540524420
1540525393
1540526159
1540527079
1540527899
1540528687
1540529460
1540530375
1540531241
1540532286
1540532998
1540533737
1540534496
1540535326
1540536056
1540536987
1540537665
1540538337
1540539088
1540539901
1540540762
1540541525
1540542112
1540542818
1540543645
1540544268
1540545038
1540545962
1540546638
1540547426
1540548060
1540548792
1540549469
1540550274
1540551184
1540552033
1540552687
1540553857
1540554973
1540555937
1540556764
1540557761
1540558683
1540559588
1540560831
1540562218
1540564020
1540565528
1540566883
1540568895
1540570587
1540573013
1540574816
1540579013
1540584177
1540599525
1540605251
1540607898
1540610775
1540613048
1540615137
1540617062
1540618538
1540620473
1540622114
1540623445
1540624804
1540626147
1540627084
1540628634
1540629662
1540630584
1540631655
1540632861
1540634176
1540635154
1540636428
1540637538
1540638662
1540640252
1540641606
1540642828
1540644075
1540645341
1540647038
1540648396
1540649992
1540651614
1540652843
1540655549
1540657752
1540660843
1540664100
1540677849
1540695363
1540698882
1540702889
1540705683
1540707512
1540708795
1540710509
1540711841
1540713656
1540714878
1540716195
1540717282
1540718680
1540719998
1540720941
1540722090
1540723512
1540724716
1540725697
1540726741
1540728357
1540729779
1540731057
1540732234
1540733499
1540734478
1540735639
1540736918
1540738256
1540740123
1540742537
1540745109
1540748021
1540750686
1540755131
1540767060
1540779964
1540781774
1540783530
1540785443
1540786687
1540787756
1540788737
1540789490
1540790458
1540791433
1540792280
1540793244
1540794145
1540794808
1540795516
1540796200
1540796914
1540797679
1540798457
1540799059
1540799706
1540800438
1540801134
1540801726
1540802515
1540803293
1540804077
1540804895
1540805652
1540806349
1540807038
1540807928
1540808810
1540809752
1540810392
1540811087
1540811748
1540812642
1540813392
1540814156
1540814926
1540815746
1540816540
1540817221
1540818067
1540819008
1540819779
1540820686
1540821502
1540822574
1540823635
1540824587
1540825936
1540827851
1540828867
1540830289
1540832344
1540834786
1540837456
1540840073
1540848781
1540863020
1540867401
1540868588
1540870227
1540871840
1540872826
1540873613
1540874533
1540875184
1540875740
1540876541
1540877338
1540878105
1540878765
1540879520
1540880212
1540880853
1540881590
1540882423
1540883105
1540883834
1540884539
1540885294
1540885988
1540886624
1540887374
1540888137
1540888732
1540889328
1540889989
1540890620
1540891345
1540892137
1540892759
1540893463
1540894211
1540894897
1540895771
1540896572
1540897160
1540897840
1540898713
1540899651
1540900444
1540901208
1540901885
1540902564
1540903233
1540904307
1540905396
1540906097
1540907088
1540908083
1540908874
1540909990
1540911378
1540912809
1540914511
1540916309
1540917683
1540920151
1540922746
1540925503
1540929731
1540937122
1540953148
1540954773
1540956447
1540957726
1540958836
1540959957
1540960731
1540961848
1540962692
1540963586
1540964360
1540965021
1540965794
1540966642
1540967323
1540967953
1540968790
1540969532
1540970357
1540971079
1540971866
1540972606
1540973260
1540973982
1540974515
1540975072
1540975872
1540976510
1540977235
1540977891
1540978608
1540979239
1540980014
1540980551
1540981149
1540981971
1540982515
1540983127
1540983900
1540984580
1540985290
1540985880
1540986601
1540987415
1540988218
1540988871
1540989907
1540990723
1540991422
1540992269
1540993445
1540994330
1540995252
1540995994
1540997327
1540998423
1540999508
1541000477
1541001839
1541003504
1541005900
1541008190
1541010358
1541012882
1541017568
1541027136
1541039345
1541040908
1541042496
1541043217
1541044529
1541045720
1541046721
1541047708
1541048494
1541049516
1541050409
1541051199
1541052048
1541052762
1541053521
1541054171
1541054775
1541055548
1541056298
1541056946
1541057581
1541058310
1541058992
1541059697
1541060364
1541061071
1541061726
1541062388
1541063142
1541063855
1541064600
1541065362
1541066017
1541066719
1541067431
1541068093
1541068720
1541069337
1541070003
1541070691
1541071410
1541072074
1541072872
1541073779
1541074472
1541075217
1541075844
1541076647
1541077377
1541078237
1541078974
1541079683
1541080783
1541081720
1541082654
1541083705
1541084586
1541085970
1541087110
1541088313
1541090687
1541093472
1541095939
1541099678
1541104780
1541113228
1541125053
1541127215
1541128672
1541130319
1541131665
1541132423
1541133337
1541134204
1541135047
1541136182
1541136802
1541137531
1541138262
1541138972
1541139698
1541140405
1541141111
1541141817
1541142409
1541143102
1541143866
1541144703
1541145321
1541146089
1541146898
1541147530
1541148186
1541148826
1541149526
1541150354
1541151086
1541151919
1541152643
1541153384
1541154033
1541154734
1541155371
1541156140
1541156824
1541157519
1541158286
1541159082
1541159881
1541160623
1541161774
1541162523
1541163331
1541164405
1541165344
1541166578
1541167384
1541168584
1541169611
1541171006
1541172450
1541174221
1541176251
1541179218
1541181513
1541184881
1541189328
1541196166
1541210525
1541214228
1541216114
1541219158
1541220714
1541223131
1541224399
1541226624
1541227720
1541228860
1541230225
1541231716
1541233202
1541234373
1541235481
1541236714
1541237817
1541238521
1541239355
1541240577
1541241905
1541242765
1541243818
1541244937
1541246002
1541247044
1541248177
1541249180
1541250098
1541251331
1541253162
1541254385
1541255865
1541257146
1541259736
1541262040
1541264004
1541267373
1541271325
1541278238
1541298509
1541300722
1541304107
1541308077
1541310474
1541312067
1541313395
1541314912
1541316897
1541318929
1541320667
1541321870
1541323188
1541324248
1541325219
1541326150
1541327391
1541328532
1541329492
1541330657
1541331619
1541332685
1541333868
1541334996
1541336138
1541337172
1541338237
1541339584
1541340813
1541341912
1541342943
1541344484
1541346916
1541349429
1541352187
1541354100
1541360478
1541383372
1541386448
1541387993
1541389885
1541390814
1541391824
1541392817
1541393750
1541394524
1541395718
1541396437
1541397201
1541398232
1541399120
1541400007
1541400816
1541401600
1541402258
1541403056
1541403743
1541404490
1541405136
1541405831
1541406701
1541407334
1541408021
1541408856
1541409733
1541410387
1541411061
1541411694
1541412428
1541413117
1541413970
1541414598
1541415357
1541416226
1541416955
1541417627
1541418541
1541419284
1541419955
1541420560
1541421338
1541422077
1541423007
1541423756
1541424707
1541425639
1541426493
1541427815
1541428990
1541430039
1541431792
1541433512
1541435696
1541437155
1541439588
1541441486
1541445144
1541448081
1541456889
1541471484
1541473471
1541475057
1541476175
1541477294
1541478136
1541479222
1541480153
1541481036
1541481829
1541482548
1541483359
1541484000
1541484807
1541485590
1541486494
1541487195
1541487922
1541488803
1541489552
1541490258
1541491062
1541491698
1541492374
1541493058
1541493691
1541494538
1541495467
1541496257
1541496991
1541497643
1541498329
1541499077
1541499868
1541500839
1541501516
1541502166
1541502746
1541503450
1541504131
1541504822
1541505608
1541506643
1541507392
1541508355
1541509214
1541509990
1541510746
1541511637
1541513100
1541514298
1541515326
1541516342
1541517707
1541519315
1541520590
1541522827
1541525735
1541527430
1541531477
1541541472
1541558058
1541559821
1541561860
1541563018
1541564053
1541564981
1541566046
1541566852
1541567797
1541568945
1541569790
1541570502
1541571445
1541572115
1541572980
1541573657
1541574372
1541575136
1541575866
1541576665
1541577277
1541577888
1541578527
1541579178
1541579843
1541580826
1541581601
1541582309
1541582981
1541583837
1541584459
1541585166
1541585823
1541586457
1541587226
1541588020
1541588647
1541589343
1541590019
1541590699
1541591477
1541592332
1541593100
1541593847
1541594864
1541595848
1541596770
1541597840
1541598887
1541600029
1541601332
1541602606
1541604150
1541605460
1541607052
1541609148
1541611694
1541614155
1541619181
1541630844
1541644280
1541645934
1541647535
1541648976
1541650087
1541650952
1541651673
1541652406
1541653218
1541654330
1541655165
1541655915
1541656891
1541657874
1541658592
1541659279
1541660126
1541660796
1541661532
1541662201
1541663016
1541663756
1541664798
1541665651
1541666353
1541667152
1541667929
1541668665
1541669529
1541670088
1541670829
1541671402
1541672035
1541672894
1541673753
1541674373
1541675062
1541675759
1541676427
1541677144
1541677814
1541678617
1541679430
1541680418
1541681299
1541682134
1541683123
1541683961
1541684824
1541685825
1541687350
1541688541
1541689820
1541691380
1541693633
1541695239
1541696879
1541699224
1541702432
1541707343
1541723791
1541731480
1541732801
1541734775
1541735929
1541737042
1541737929
1541738927
1541739804
1541740781
1541741558
1541742281
1541743175
1541743885
1541744645
1541745338
1541746275
1541747068
1541747906
1541748784
1541749548
1541750215
1541750904
1541751728
1541752467
1541753353
1541754076
1541754843
1541755473
1541756159
1541756717
1541757466
1541758061
1541758795
1541759580
1541760150
1541761006
1541761603
1541762339
1541763163
1541763885
1541764872
1541765754
1541766580
1541767353
1541768184
1541769201
1541770069
1541771300
1541772294
1541773545
1541774807
1541775898
1541777165
1541778645
1541780174
1541781751
1541784377
1541787208
1541791017
1541800451
1541818009
1541821056
1541823665
1541825953
1541828782
1541830921
1541832338
1541833841
1541834914
1541836407
1541837921
1541839312
1541840443
1541841509
1541842763
1541844027
1541844936
1541845806
1541846903
1541848024
1541849114
1541850387
1541851404
1541852426
1541853440
1541854495
1541855724
1541856882
1541857895
1541859454
1541860516
1541861938
1541863698
1541865413
1541867963
1541871768
1541875537
1541884730
1541901838
1541906343
1541910852
1541914137
1541916593
1541918248
1541919870
1541921440
1541922893
1541924782
1541926457
1541928068
1541928908
1541929998
1541930828
1541931765
1541932841
1541933901
1541934720
1541935671
1541936886
1541937939
1541939260
1541940314
1541941899
1541943143
1541944026
1541945382
1541946712
1541947995
1541949811
1541952364
1541953868
1541958516
1541963157
1541972434
1541990835
1541993010
1541994597
1541995566
1541996680
1541997513
1541998448
1541999506
1542000341
1542001003
1542001645
1542002294
1542003008
1542003896
1542004877
1542005680
1542006447
1542007160
1542008043
1542008926
1542009778
1542010522
1542011350
1542012015
1542012812
1542013467
1542014355
1542015172
1542015877
1542016569
1542017343
1542018012
1542018666
1542019413
1542020028
1542020935
1542021733
1542022477
1542023302
1542024045
1542024803
1542025448
1542026220
1542027123
1542027939
1542029058
1542030311
1542031162
1542032336
1542033421
1542034400
1542035333
1542036467
1542037919
1542039466
1542041343
1542043819
1542046610
1542049547
1542054694
1542071152
1542077650
1542079335
1542081289
1542082609
1542083539
1542084606
1542085322
1542086231
1542087310
1542088188
1542088974
1542089804
1542090639
1542091350
1542092142
1542092990
1542093839
1542094670
1542095351
1542095985
1542096728
1542097458
1542098222
1542098824
1542099575
1542100340
1542101039
1542101704
1542102372
1542103001
1542103749
1542104676
1542105429
1542106205
1542106924
1542107657
1542108299
1542109137
1542109759
1542110522
1542111346
1542112216
1542113121
1542113876
1542114693
1542115470
1542116555
1542117457
1542118689
1542119745
1542120760
1542122008
1542123350
1542124707
1542126736
1542129020
1542131461
1542135831
1542144005
1542161697
1542164555
1542166344
1542167319
1542168770
1542169881
1542170930
1542171800
1542172803
1542173656
1542174547
1542175533
1542176231
1542177063
1542177777
1542178417
1542179326
1542179962
1542180965
1542181584
1542182359
1542183165
1542183927
1542184652
1542185360
1542186132
1542186896
1542187680
1542188368
1542188998
1542189623
1542190234
1542190924
1542191721
1542192549
1542193305
1542194039
1542194758
1542195358
1542196122
1542196978
1542197843
1542198587
1542199269
1542200023
1542200917
1542201838
1542202927
1542203859
1542204841
1542205848
1542206702
1542208032
1542209483
1542211277
1542213069
1542214986
1542216875
1542219266
1542222457
1542232894
1542247892
1542250558
1542252147
1542253417
1542254719
1542255605
1542256253
1542257076
1542257816
1542258573
1542259356
1542260171
1542260907
1542261617
1542262706
1542263522
1542264315
1542265196
1542266101
1542266849
1542267515
1542268225
1542269118
1542269896
1542270569
1542271277
1542271933
1542272626
1542273556
1542274304
1542275053
1542275742
1542276590
1542277366
1542278126
1542278780
1542279559
1542280253
1542281046
1542281749
1542282434
1542283110
1542283801
1542284470
1542285220
1542286018
1542286891
1542287746
1542288738
1542289862
1542291042
1542291900
1542292742
1542293971
1542295137
1542297081
1542298986
1542300324
1542302276
1542304057
1542306903
1542312295
1542328832
1542337177
1542339184
1542340578
1542341538
1542342507
1542343498
1542344238
1542345321
1542346086
1542346560
1542347205
1542347943
1542348846
1542349424
1542350103
1542350924
1542351591
1542352218
1542352903
1542353651
1542354523
1542355191
1542355758
1542356611
1542357276
1542357903
1542358674
1542359362
1542360040
1542360812
1542361574
1542362176
1542362929
1542363627
1542364318
1542365099
1542365847
1542366568
1542367441
1542368325
1542369301
1542370168
1542371036
1542371922
1542372779
1542373715
1542374713
1542375525
1542376875
1542377777
1542378861
1542380089
1542381706
1542383048
1542384605
1542386630
1542389286
1542392045
1542395103
1542402183
1542421821
1542424876
1542428492
1542430724
1542432621
1542434296
1542435772
1542437489
1542438864
1542440314
1542441624
1542443147
1542444718
1542446265
1542447430
1542448493
1542449293
1542450351
1542451450
1542452459
1542453369
1542454574
1542455692
1542456671
1542457866
1542459179
1542460281
1542461503
1542463314
1542464958
1542466956
1542469124
1542471031
1542473597
1542476393
1542478677
1542485840
1542505444
1542511287
1542515252
1542517070
1542519328
1542521140
1542522733
1542524422
1542525614
1542526760
1542528228
1542529471
1542531013
1542532134
1542533181
1542534142
1542535305
1542536166
1542537294
1542538503
1542539456
1542540287
1542541376
1542542605
1542544046
1542545478
1542546886
1542547978
1542549468
1542550683
1542552183
1542554076
1542556070
1542558222
1542561115
1542563250
1542565253
1542571505
1542592073
1542596293
1542598152
1542599203
1542600381
1542601518
1542603000
1542603681
1542604562
1542605323
1542606099
1542606991
1542607840
1542608813
1542609840
1542610674
1542611430
1542612153
1542612861
1542613719
1542614543
1542615473
1542616225
1542616906
1542617684
1542618290
1542619352
1542620145
1542620873
1542621563
1542622379
1542623081
1542623825
1542624659
1542625243
1542625916
1542626615
1542627329
1542628241
1542629290
1542630174
1542631022
1542631845
1542632677
1542633756
1542634963
1542635975
1542637104
1542638302
1542639448
1542640862
1542641954
1542643591
1542645163
1542647429
1542649385
1542652096
1542656979
1542669363
1542682385
1542684840
1542686219
1542687096
1542687931
1542688822
1542689812
1542690799
1542691601
1542692359
1542693114
1542693908
1542694612
1542695376
1542696119
1542696837
1542697561
1542698244
1542699140
1542699890
1542700592
1542701256
1542701955
1542702679
1542703448
1542704142
1542704999
1542705717
1542706482
1542707056
1542707726
1542708350
1542709042
1542710075
1542710860
1542711408
1542712090
1542712729
1542713564
1542714427
1542715186
1542715964
1542716751
1542717734
1542718517
1542719381
1542720419
1542721896
1542722901
1542723904
1542725201
1542726226
1542727597
1542729135
1542730872
1542732573
1542735853
1542738112
1542743426
1542760621
1542768993
1542770635
1542771875
1542773207
1542774058
1542774980
1542775836
1542776818
1542777471
1542778220
1542778919
1542779695
1542780584
1542781396
1542782315
1542783042
1542783762
1542784522
1542785260
1542786004
1542786730
1542787458
1542788151
1542788918
1542789678
1542790361
1542791105
1542791868
1542792648
1542793327
1542794097
1542794697
1542795336
1542796018
1542796772
1542797563
1542798207
1542798796
1542799530
1542800373
1542801129
1542801954
1542802697
1542803230
1542803928
1542804701
1542805675
1542806657
1542807457
1542808612
1542809691
1542810819
1542812149
1542813295
1542814634
1542816292
1542817906
1542820217
1542822288
1542824708
1542829412
1542846973
1542855567
1542857392
1542858673
1542859833
1542860774
1542861751
1542862572
1542863475
1542864373
1542865153
1542865840
1542866450
1542867230
1542868110
1542869000
1542869665
1542870304
1542870972
1542871781
1542872635
1542874077
1542874818
1542875433
1542876121
1542876767
1542877522
1542878424
1542879282
1542879880
1542880510
1542881108
1542881792
1542882658
1542883360
1542884108
1542885024
1542885760
1542886420
1542887261
1542887898
1542888742
1542889648
1542890242
1542890983
1542891881
1542892734
1542893461
1542894419
1542895513
1542896906
1542897885
1542899077
1542900449
1542901526
1542903008
1542905060
1542907518
1542909746
1542913977
1542935278
1542941888
1542943744
1542944914
1542945957
1542946814
1542947607
1542948382
1542949078
1542949771
1542950600
1542951379
1542952190
1542953116
1542954160
1542954894
1542955713
1542956395
1542957112
1542957838
1542958476
1542959124
1542959924
1542960676
1542961431
1542962281
1542962960
1542963627
1542964352
1542965257
1542966091
1542966636
1542967437
1542968103
1542968834
1542969479
1542970250
1542970878
1542971655
1542972414
1542973049
1542973760
1542974865
1542975657
1542976519
1542977405
1542978064
1542978707
1542979483
1542980293
1542981075
1542982195
1542983323
1542984780
1542987382
