1540125338 9.45439453329891
1540126639 9.208277994141156
1540127967 8.817952209535767
1540129032 8.329292518751961
1540130006 7.872870484030391
1540131463 8.296868589444038
1540133126 9.333136547042663
1540135476 10.882876414931223
1540137813 10.122036149702877
1540141521 11.039628869479465
1540147083 10.662692308425903
1540158696 10.418235287946814
1540172626 9.771623189898504
1540174050 8.737045163493002
1540175695 8.87842357627169
1540176907 8.783497955361192
1540178366 9.55924059753131
1540179425 8.829228069071185
1540180377 8.54540822702118
1540181325 8.354260234804878
1540182280 7.683577128547303
1540182890 7.271908235549927
1540183681 7.357831817865372
1540184479 7.457233995264993
1540185116 7.139633333683014
1540185918 7.092551724664096
1540186762 7.279275424399619
1540187500 7.231534162169905
1540188150 7.165742269004743
1540188824 7.234878850423825
1540189459 6.945278979003547
1540190145 6.886543186063272
1540190826 6.660048147925624
1540191574 6.70832386387117
1540192237 6.680148775743675
1540192889 6.7478893130790185
1540193659 6.787298449712206
1540194549 7.09142244883946
1540195250 7.059073170510734
1540196146 7.586545453103313
1540196942 7.447850677222688
1540197561 7.236892777407456
1540198296 6.9305958752779615
1540198952 6.921299999100821
1540199649 6.7803320228936395
1540200384 6.5998417132393605
1540201236 7.07210245972774
1540201962 7.078631902277348
1540202647 7.072183673722403
1540203331 7.039991752388551
1540203959 6.893751479229748
1540204604 6.735696324988536
1540205483 6.881365757971886
1540206260 6.889370740535025
1540207026 7.067735233520539
1540207904 7.431611362912438
1540208902 7.514103772505274
1540209955 7.963706492139147
1540215922 9.499173907266147
1540217300 9.07664496940974
1540218917 8.821473173978852
1540220177 8.630753140070448
1540221929 8.971924375085269
1540223269 9.096992193721235
1540225834 9.470261362465946
1540228338 10.369106063337037
1540232202 9.276448271740442
1540238693 10.657833337783813
1540255046 6.076874986290932
1540259594 8.762163043022156
1540261074 8.669402173031932
1540262724 9.15356734723461
1540263798 8.890032126721609
1540264660 8.388118811566445
1540265582 7.925915492420465
1540266530 7.882830768976456
1540267191 7.448793024240538
1540268032 7.340218389993426
1540268865 7.3714343886569615
1540269661 7.153405701904966
1540270328 7.047691973584851
1540271108 6.977822368082247
1540271827 6.85690212706302
1540272538 6.657961538446094
1540273381 7.137486315275494
1540274110 7.303303797033768
1540274881 7.426079002090899
1540275479 7.323560975431427
1540276145 7.174240000247956
1540276794 6.880699233990519
1540277570 6.750957692127962
1540278302 6.619718929093837
1540279129 6.8583963780815695
1540279893 7.239985324551724
1540280565 7.158515400465509
1540281471 7.686310421865425
1540282202 7.469584582959814
1540283004 7.362756989591865
1540283693 7.127080338701889
1540284453 7.170263829637081
1540285297 7.096841541041144
1540286017 7.224966243852543
1540286652 6.936709677019427
1540287305 7.012003999710083
1540288041 6.980696427916723
1540288726 6.843739463451722
1540289312 6.6220221405099675
1540289993 6.600380692108516
1540290619 6.604489981802435
1540291443 6.650456767333181
1540292272 6.9096365419961145
1540293104 7.451752173900604
1540293976 7.631730592414124
1540294637 7.375268720845294
1540295247 7.068867086861204
1540296175 7.204200429135356
1540297019 7.297090321202432
1540297859 7.396206008006574
1540298879 8.270040506049048
1540300018 8.298861333847046
1540301455 8.930973511657967
1540302410 8.848469258126318
1540303787 9.023366102929844
1540304912 8.682547468173352
1540306332 9.419829181929076
1540308390 10.399558251343885
1540310476 10.265900581203706
1540312829 10.160814372365346
1540316171 11.806715597800158
1540321609 7.959403502313714
1540329215 10.689393924944328
1540343542 8.081799991925557
1540345882 8.734611107243431
1540347236 9.586783917105977
1540348594 9.218241633092603
1540349973 9.275833975854528
1540350894 8.482918643951416
1540351780 8.26408069209338
1540352708 8.308530830506026
1540353490 8.011576355384488
1540354279 7.9158682346344
1540355022 7.563594169680847
1540355760 7.381248379886537
1540356549 7.397466809642392
1540357287 7.271008333067099
1540357949 7.206191357761744
1540358688 7.035539553566831
1540359462 6.9600305503837445
1540360134 6.827629703578382
1540360980 7.122842323730596
1540361803 7.296486021370016
1540362590 7.469156989230904
1540363303 7.656871459063361
1540363985 7.341512711371406
1540364823 7.399417203985235
1540365585 7.187129436803511
1540366441 7.39142127696504
1540367002 7.056356415486384
1540367659 7.128621951835911
1540368615 7.123400826592091
1540369370 7.194206750845607
1540370081 6.858979797844935
1540370682 6.908254582624571
1540371267 6.76999599981308
1540371949 6.666321428198564
1540372736 6.77736432638295
1540373463 6.72419402981872
1540374283 7.194620758711459
1540375024 7.517820459318061
1540375747 7.557995798207131
1540376352 7.222368737738692
1540377126 7.263606557103454
1540377773 6.844608526821284
1540378618 6.9427972171700025
1540379585 7.46878901051951
1540380410 7.409757369229583
1540381266 7.614528570856367
1540382063 7.805665859009971
1540383215 7.778745635786556
1540384187 8.147956410432473
1540385196 8.448278550650084
1540386236 8.677296186821902
1540387176 8.169615383331593
1540388092 8.144619944924614
1540389007 8.030849350272835
1540390215 8.215526880756501
1540391456 8.551939758191626
1540392839 9.047977941001163
1540393988 9.153996565087963
1540395332 8.959713782522789
1540397954 8.22235118491309
1540399556 9.330608181088989
1540401985 9.622982856205532
1540405052 10.027140626683831
1540413230 11.884368413373045
1540429436 12.228319988250732
1540432444 8.992817310186533
1540433960 9.225590162589901
1540435831 9.91549321213459
1540437095 10.275698196780574
1540438315 10.536542433214363
1540439209 9.78534713368507
1540439862 8.686708893737382
1540440760 8.22418686837861
1540441549 7.57523379612852
1540442264 7.242389247237995
1540443170 7.58798845370427
1540443778 7.234707158972022
1540444480 7.076809524749377
1540445180 6.848832000732422
1540445785 6.773831041482202
1540446440 6.519431734876879
1540447225 6.7021698110508465
1540447956 6.722977056102133
1540448861 7.274255102507922
1540449569 7.667961373861256
1540450216 7.498966315921984
1540450912 7.30934221383001
1540451724 7.579054969057724
1540452430 7.074057199545866
1540453224 7.255746963535726
1540454176 7.619374723497885
1540454879 7.572593407578521
1540455748 7.7612883302658044
1540456344 7.461162281140947
1540457094 7.117008385168432
1540457742 6.911142573498263
1540458462 6.889132935849447
1540459272 6.858742186333984
1540459937 6.964741549482403
1540460726 7.118697579829924
1540461575 7.490796573156974
1540462403 7.593802173759626
1540463039 7.432526538832678
1540463776 7.328194617237857
1540464699 7.426377969993114
1540465445 7.361321199629495
1540466217 7.221762711718931
1540467055 7.367445434918648
1540467708 7.083901499272414
1540468503 7.147902335837135
1540469162 7.032564315063825
1540470163 7.235960000188727
1540470991 7.53987865180112
1540472040 8.046669099742768
1540472973 8.193886889283638
1540474253 8.622510143639385
1540475323 8.787006095415208
1540476510 8.85178386934342
1540478070 8.49906737415503
1540479360 8.100952028788324
1540480748 8.464374014711755
1540482688 9.251995666718587
1540485828 10.163145299650665
1540487570 9.946259258705894
1540494106 13.310312509536743
1540501106 9.349134619419392
1540511168 8.493970590479234
1540518272 10.895608109396857
1540519823 9.623102565606436
1540522300 8.510104653447174
1540523386 8.002637254256829
1540524420 8.531949458139469
1540525393 8.464836794827741
1540526159 8.092646595695255
1540527079 7.889766497055286
1540527899 7.553877402956669
1540528687 7.479137766106395
1540529460 7.48183218309249
1540530375 7.346202272176742
1540531241 7.316808558799125
1540532286 7.921980099298468
1540532998 7.705513447013053
1540533737 7.563725995235756
1540534496 7.3568173707991775
1540535326 7.314520786314616
1540536056 6.9631452268584635
1540536987 7.321225381784418
1540537665 7.343368190565919
1540538337 7.122084745411145
1540539088 6.9662617588823315
1540539901 7.164445606734463
1540540762 7.359800000441702
1540541525 7.663456522381824
1540542112 7.591243535280228
1540542818 7.26073100581551
1540543645 7.383999999992069
1540544268 6.884416342709315
1540545038 6.7455664737605865
1540545962 7.233698072474314
1540546638 7.291843683357157
1540547426 7.209966173131672
1540548060 7.23959235628699
1540548792 7.085319587373242
1540549469 6.897992218050975
1540550274 7.0692008034771225
1540551184 7.304169133652088
1540552033 7.412024070188827
1540552687 7.255350762722539
1540553857 7.727445273850095
1540554973 7.785123359499954
1540555937 7.952763231351847
1540556764 7.9806477271697736
1540557761 7.837564032474071
1540558683 7.574158974182912
1540559588 7.675886935325124
1540560831 8.334924999872843
1540562218 9.057144262751596
1540564020 9.634064934470437
1540565528 9.313953049306019
1540566883 8.488922447087813
1540568895 9.440624997571662
1540570587 10.499238091171103
1540573013 10.231108696564384
1540574816 9.825913296958614
1540579013 11.724039466757523
1540584177 11.121014291899545
1540599525 9.839133342107138
1540605251 9.346712641332342
1540607898 9.735657717557562
1540610775 9.80339286157063
1540613048 8.33147552963737
1540615137 8.718713543067375
1540617062 8.644505210220814
1540618538 9.058245192353542
1540620473 9.66224638045122
1540622114 9.350556655470374
1540623445 9.075145298599178
1540624804 8.553546815329277
1540626147 8.969101559370756
1540627084 8.72942140190099
1540628634 8.769451951641205
1540629662 8.343963691503694
1540630584 8.133449681150088
1540631655 8.347650454037096
1540632861 8.424111110670072
1540634176 8.248950332205817
1540635154 8.088340836705886
1540636428 8.08989215754216
1540637538 8.338391438172133
1540638662 8.333528845738142
1540640252 8.54039298024094
1540641606 9.17030039417885
1540642828 8.99061029272921
1540644075 8.538263156957793
1540645341 8.04541176330672
1540647038 8.608751001128232
1540648396 9.495147822214209
1540649992 9.291812496383985
1540651614 9.33569954756664
1540652843 9.586381351543686
1540655549 10.394957314177256
1540657752 8.999839739921766
1540660843 10.29907018259952
1540664100 11.082639644811819
1540677849 9.450823517406688
1540695363 9.06066037124058
1540698882 9.446345799437193
1540702889 10.411659578059583
1540705683 8.836264454628811
1540707512 8.421926544211004
1540708795 8.483004379690739
1540710509 9.179603373451071
1540711841 9.940417355742337
1540713656 10.186421050314317
1540714878 9.717273506343874
1540716195 8.923876495475312
1540717282 8.851814190278182
1540718680 9.428159167609826
1540719998 9.190793593158926
1540720941 9.183162710222147
1540722090 8.956663400519128
1540723512 8.891242813378478
1540724716 9.050770834916168
1540725697 8.92677740797252
1540726741 8.638557276120496
1540728357 9.170706082034755
1540729779 9.79450950423121
1540731057 9.874108105552702
1540732234 9.699631203150918
1540733499 9.579932429500529
1540734478 9.101848022553696
1540735639 9.502942309165613
1540736918 8.791548288499826
1540738256 8.907577620516616
1540740123 8.886209609727151
1540742537 10.479881253838538
1540745109 11.107828364443423
1540748021 11.057282613671344
1540750686 10.001218751072884
1540755131 8.792275370031163
1540767060 9.650874987244606
1540779964 8.95337501168251
1540781774 8.511669648545128
1540783530 9.234852943934646
1540785443 9.881056700785136
1540786687 10.279759260239425
1540787756 9.331231340543548
1540788737 8.784609372913838
1540789490 8.420721446571244
1540790458 8.142125325165592
1540791433 8.179642132091038
1540792280 8.234912409979641
1540793244 8.487149484993257
1540794145 8.248510151950235
1540794808 7.606376146504639
1540795516 7.473912555540624
1540796200 7.484725445508957
1540796914 7.072115152050751
1540797679 7.03544444415072
1540798457 7.286961460210247
1540799059 7.015450787356519
1540799706 6.879703275500464
1540800438 6.923593448995396
1540801134 6.834449806728879
1540801726 6.595255555046929
1540802515 6.7742061064443515
1540803293 7.035277777247959
1540804077 7.187691683217913
1540804895 7.539419148830658
1540805652 7.714306345132039
1540806349 7.297993789301649
1540807038 7.29131392927031
1540807928 7.256675732185651
1540808810 7.2181471864898485
1540809752 7.630749999362732
1540810392 7.6419577458654775
1540811087 7.474523917417591
1540811748 7.167457264712733
1540812642 7.16188773395118
1540813392 7.063439271228034
1540814156 7.21511850386796
1540814926 7.312600850046567
1540815746 7.427401728043031
1540816540 7.285248926780766
1540817221 7.233388889039683
1540818067 7.4369514351649
1540819008 7.462283784204775
1540819779 7.522638201981448
1540820686 8.046026379084415
1540821502 7.933585131482826
1540822574 8.073661689141497
1540823635 8.3317967895518
1540824587 8.534140883229714
1540825936 8.457778115402963
1540827851 8.315878922629249
1540828867 7.764453123323619
1540830289 8.165227799802214
1540832344 8.843785388284623
1540834786 9.724951052165531
1540837456 10.862581562488637
1540840073 10.806833330127928
1540848781 11.76181579891004
1540863020 6.603310321939403
1540867401 8.688941858535589
1540868588 8.809893489589353
1540870227 9.594657587170136
1540871840 10.6746936158931
1540872826 10.551269961853897
1540873613 9.485099999606609
1540874533 9.096189701137181
1540875184 8.384520094445412
1540875740 7.374715480844346
1540876541 7.10173456757157
1540877338 7.082341614717282
1540878105 6.889643425960465
1540878765 6.763958497952095
1540879520 7.197111578991539
1540880212 7.079142857084469
1540880853 6.8541470593097165
1540881590 6.8440965252953605
1540882423 6.901260605725375
1540883105 6.933765873076424
1540883834 6.977257999897003
1540884539 7.093002036244223
1540885294 7.155590535191352
1540885988 7.0376149310578535
1540886624 6.908152046724137
1540887374 6.84763005795047
1540888137 6.967709163745561
1540888732 6.587492452477509
1540889328 6.5380803741027265
1540889989 6.68766539903648
1540890620 6.357401088880757
1540891345 6.4123405021578606
1540892137 6.721426414993574
1540892759 6.70264419500301
1540893463 6.93331906628516
1540894211 7.1193267717136175
1540894897 7.105290766549251
1540895771 7.224973631195316
1540896572 7.401733753316307
1540897160 7.158676830249104
1540897840 7.058628514588597
1540898713 7.382413502986924
1540899651 7.110775682161439
1540900444 7.200840959361956
1540901208 7.591587964031431
1540901885 7.192344519915997
1540902564 6.957313305318611
1540903233 6.7463041754887545
1540904307 7.2602962954111865
1540905396 7.556353510725008
1540906097 7.456171496478832
1540907088 7.908921831701644
1540908083 7.664592688762177
1540908874 7.25864182641873
1540909990 7.998909572971628
1540911378 8.260551204164344
1540912809 8.4880996429199
1540914511 8.90187772600932
1540916309 9.032761904171535
1540917683 8.465619267673667
1540920151 9.351296087883037
1540922746 9.902046051464582
1540925503 9.397035088455468
1540929731 11.95459523938951
1540937122 9.165259264133594
1540953148 9.809903225591105
1540954773 9.978993425243779
1540956447 9.968854462037065
1540957726 9.525323999404907
1540958836 8.902503903023899
1540959957 8.47978845773599
1540960731 8.047266101970726
1540961848 8.447295771182423
1540962692 8.185805848938353
1540963586 7.7986405058752135
1540964360 7.8737713565778495
1540965021 7.367627039378061
1540965794 7.198677215395095
1540966642 7.3348208963235555
1540967323 7.327593361193708
1540967953 7.094791253091801
1540968790 7.263054737291838
1540969532 7.032600831093263
1540970357 6.941573469006285
1540971079 7.045643152537682
1540971866 7.1460108684456864
1540972606 7.145449578762054
1540973260 7.119271604612531
1540973982 6.955248496336545
1540974515 6.720562862473715
1540975072 6.2967544798355375
1540975872 6.465777778017499
1540976510 6.438233813364729
1540977235 6.46035401490483
1540977891 6.45823626378517
1540978608 6.817138402782685
1540979239 6.6006360228468735
1540980014 6.759961390127086
1540980551 6.549172222614288
1540981149 6.285978609652868
1540981971 6.4794025978484715
1540982515 6.262989286014012
1540983127 6.282534050685103
1540983900 6.486554528781094
1540984580 6.574717228778739
1540985290 6.611036831941833
1540985880 6.500775362702384
1540986601 6.759308572042556
1540987415 6.888998046983033
1540988218 7.005402019770458
1540988871 6.903300796372007
1540989907 7.501473316736951
1540990723 7.323082003886716
1540991422 7.269309091026133
1540992269 7.245345622713115
1540993445 7.511596107134854
1540994330 7.691295000314713
1540995252 8.24839141988882
1540995994 8.135518890784429
1540997327 8.1875749985377
1540998423 8.046212642357267
1540999508 8.242722043594995
1541000477 7.953768546927931
1541001839 8.136584128273858
1541003504 8.300435605374249
1541005900 9.615761627984602
1541008190 8.816404107498796
1541010358 9.797829108902171
1541012882 10.394780648139216
1541017568 9.882389616656614
1541027136 8.688372101894645
1541039345 7.438746032260713
1541040908 7.881027971947943
1541042496 9.007809302973193
1541043217 8.175404928939443
1541044529 8.382518393538867
1541045720 8.697929935850155
1541046721 9.320570513988153
1541047708 9.004147061179665
1541048494 8.603711173060155
1541049516 8.065584001541138
1541050409 7.920285715132343
1541051199 7.786861650573397
1541052048 7.849955665066911
1541052762 7.530690367068719
1541053521 7.293574279269199
1541054171 6.930027082562447
1541054775 6.560142574215879
1541055548 6.5832882010498635
1541056298 6.725984405123467
1541056946 6.6850307693848245
1541057581 6.6642180452669475
1541058310 6.982298245439288
1541058992 6.856148076974429
1541059697 6.751210923024265
1541060364 6.776100189338785
1541061071 6.867306358782083
1541061726 6.581913858317257
1541062388 6.590526119541766
1541063142 6.724051428295317
1541063855 6.803801541613246
1541064600 6.857448543159707
1541065362 7.040103029482292
1541066017 6.99620766072504
1541066719 6.866776236921254
1541067431 6.832657479395078
1541068093 6.774599999362983
1541068720 6.610251838231788
1541069337 6.562543795491657
1541070003 6.64504059038479
1541070691 6.531809437296568
1541071410 6.615465677293201
1541072074 6.476007326181992
1541072872 6.881849609781057
1541073779 7.369544491424399
1541074472 7.318908333281676
1541075217 7.572815053180982
1541075844 7.324547519861174
1541076647 7.307268190284777
1541077377 6.957055776717653
1541078237 7.117759915632594
1541078974 7.1042187492052715
1541079683 7.066553234805145
1541080783 7.465689093773437
1541081720 7.765298542467136
1541082654 7.707499998131978
1541083705 8.043318916655876
1541084586 7.6337448444563085
1541085970 8.415379819954891
1541087110 8.28475153373063
1541088313 9.038555555045605
1541090687 8.56819903503344
1541093472 9.684458017349243
1541095939 9.464671540434344
1541099678 10.564010206533938
1541104780 10.70431868322603
1541113228 9.62247916062673
1541125053 9.62822916607062
1541127215 10.34321052986279
1541128672 9.371005003452302
1541130319 8.895672131757268
1541131665 8.563389381476208
1541132423 7.914867797140348
1541133337 8.073964809742142
1541134204 7.939301836209034
1541135047 8.034951337642623
1541136182 8.825245282720685
1541136802 8.092504877578921
1541137531 7.738027585237876
1541138262 7.3487995631814265
1541138972 7.283248925413696
1541139698 6.9170828396987165
1541140405 7.126413999557495
1541141111 7.046976331187893
1541141817 6.934007905688682
1541142409 6.710469466129332
1541143102 6.68834351173794
1541143866 6.796709055615758
1541144703 6.773884691727564
1541145321 6.707009823242667
1541146089 7.123827514707186
1541146898 7.265410147056015
1541147530 6.963967610949929
1541148186 6.8373235286450855
1541148826 6.8909401539209725
1541149526 6.7533459356917325
1541150354 6.799878378632446
1541151086 6.904795678519078
1541151919 7.240536382936886
1541152643 7.400738298132064
1541153384 7.522881465739217
1541154033 7.25051422720033
1541154734 7.196778225321924
1541155371 6.882562380148216
1541156140 6.955052224072543
1541156824 6.810857414746012
1541157519 6.903542471668435
1541158286 7.0875256923818775
1541159082 7.27828893505159
1541159881 7.2988204602657625
1541160623 7.27316352256439
1541161774 7.638954546462976
1541162523 7.556949761495636
1541163331 7.303472685417483
1541164405 7.907305912983754
1541165344 7.9299875622365015
1541166578 8.32407736231741
1541167384 8.307099998659558
1541168584 8.167033133736576
1541169611 8.350835330472021
1541171006 8.861318939151953
1541172450 9.29390322435714
1541174221 9.588728448440289
1541176251 8.852322752513583
1541179218 10.45591339351624
1541181513 10.756544880377941
1541184881 11.442685191278104
1541189328 9.513414890208143
1541196166 10.530365073491657
1541210525 11.161891898593387
1541214228 10.927405935702938
1541216114 10.239134830035521
1541219158 9.954829459966616
1541220714 9.036951514446374
1541223131 9.30512499538335
1541224399 9.588443872879962
1541226624 8.515976075350382
1541227720 8.118828192681468
1541228860 8.122203060493616
1541230225 8.374594682870908
1541231716 8.580521566727581
1541233202 8.613883997917176
1541234373 8.727974072209111
1541235481 8.82770383399538
1541236714 8.528078688168135
1541237817 8.696100649895605
1541238521 8.242008693667426
1541239355 7.767517149605663
1541240577 7.75631099092417
1541241905 7.723908011212901
1541242765 7.849557631483702
1541243818 8.159051515116836
1541244937 8.275124276993592
1541246002 8.423864703318651
1541247044 8.19005089534257
1541248177 8.280205518921461
1541249180 8.426820587410646
1541250098 8.367701118884806
1541251331 9.014189025977762
1541253162 9.01034848798405
1541254385 8.582182542672234
1541255865 8.651746032729982
1541257146 8.911985074406239
1541259736 9.643866285335186
1541262040 9.475284770624526
1541264004 9.416850001282162
1541267373 9.238484382629395
1541271325 9.748268048787855
1541278238 9.804617636344013
1541298509 11.114523808161417
1541300722 10.388695644295733
1541304107 11.835938600071689
1541308077 10.804150537777973
1541310474 9.804839692952978
1541312067 8.97408247239811
1541313395 8.723769230001112
1541314912 8.71203891219796
1541316897 9.527560389560202
1541318929 9.542109288804518
1541320667 8.885217617212799
1541321870 8.360267783807412
1541323188 8.022314177619087
1541324248 8.322348683288222
1541325219 7.7111356468982875
1541326150 7.703234464435254
1541327391 7.762977144377572
1541328532 7.858776730561407
1541329492 8.167136223323574
1541330657 8.248144542221475
1541331619 8.320502873809858
1541332685 8.704610465570937
1541333868 8.58002915465797
1541334996 8.707142423860954
1541336138 8.34631961885887
1541337172 8.397248483426644
1541338237 7.876746129694369
1541339584 8.336613416671753
1541340813 8.34677132730191
1541341912 9.121602736923792
1541342943 8.924947851274643
1541344484 9.225151723828809
1541346916 9.225000000564304
1541349429 10.108887426111082
1541352187 10.71723484992981
1541354100 9.152707309257693
1541360478 12.355394739853708
1541383372 10.7760999917984
1541386448 9.496632069911596
1541387993 10.210205557611253
1541389885 10.391701423726376
1541390814 9.831330644507561
1541391824 8.884551020706592
1541392817 8.367543103366062
1541393750 8.485891666677263
1541394524 8.11474102582687
1541395718 8.169970510472561
1541396437 7.853832081147005
1541397201 7.443028235715978
1541398232 7.850972499847412
1541399120 7.876921052567696
1541400007 8.184066502331513
1541400816 8.283062500357628
1541401600 8.038429929071821
1541402258 7.645598233667167
1541403056 7.428334782434546
1541403743 7.250208333134651
1541404490 7.226301847786874
1541405136 6.965853801247669
1541405831 7.090784158328972
1541406701 7.193562752804776
1541407334 7.023021868635598
1541408021 6.97152156829834
1541408856 7.1348065844288575
1541409733 7.3497580997887235
1541410387 7.02412603265983
1541411061 7.116247916718324
1541411694 6.981244353543072
1541412428 6.83945634913823
1541413117 6.656062029806295
1541413970 6.934980119435972
1541414598 6.808204322526404
1541415357 6.957971660231772
1541416226 7.123426470435968
1541416955 7.259254818044331
1541417627 7.090087044576884
1541418541 7.714472036233684
1541419284 7.531948718250307
1541419955 7.312447205833767
1541420560 7.052950000286102
1541421338 7.137926830024254
1541422077 7.014572549333759
1541423007 7.052294979035605
1541423756 7.26886081338184
1541424707 7.765268235487096
1541425639 7.874895121411579
1541426493 8.102149397493845
1541427815 8.505579251720857
1541428990 8.585182371835216
1541430039 8.672887097635577
1541431792 8.838540144210315
1541433512 9.081905656265763
1541435696 9.634622949068664
1541437155 9.240949497078404
1541439588 9.12377472107227
1541441486 9.549534882223883
1541445144 10.166030608877843
1541448081 8.2653666694959
1541456889 9.989085708345685
1541471484 10.660999996321541
1541473471 10.180508776714927
1541475057 9.590103962633869
1541476175 9.182715906338258
1541477294 9.004880136006499
1541478136 8.353518206198343
1541479222 8.927132183792947
1541480153 8.752614556618457
1541481036 8.474010390120668
1541481829 8.035195488081241
1541482548 7.561246511548064
1541483359 7.401231787325794
1541484000 7.163557893853438
1541484807 7.1055271964691675
1541485590 7.092640332521372
1541486494 7.475238938247208
1541487195 7.133531049691635
1541487922 7.276817391229712
1541488803 7.333707691548945
1541489552 7.29520914964946
1541490258 7.077614107072601
1541491062 7.299447256804519
1541491698 7.240719916414918
1541492374 6.975284584897309
1541493058 6.99834246551454
1541493691 6.894582857404436
1541494538 6.6994491360237864
1541495467 7.216600422627326
1541496257 7.2500711201593795
1541496991 7.641338635574687
1541497643 7.301919830499319
1541498329 7.24523395386295
1541499077 7.044903999328613
1541499868 7.062520080302135
1541500839 7.223530171760197
1541501516 7.148177589472958
1541502166 7.262036480105486
1541502746 6.791770161159577
1541503450 6.8549382468143785
1541504131 6.4938080441581265
1541504822 6.597903881848629
1541505608 6.725427221485708
1541506643 7.306501090396723
1541507392 7.426811817177537
1541508355 7.813919512818499
1541509214 7.974738155517198
1541509990 7.646451764948228
1541510746 7.529105990713093
1541511637 7.553244851546648
1541513100 7.96574585543153
1541514298 8.492090611781888
1541515326 8.761671229584577
1541516342 8.553744406745837
1541517707 8.353389775791108
1541519315 8.493963235441376
1541520590 8.396932002067565
1541522827 9.674799045307214
1541525735 9.981270675372361
1541527430 8.653596270898854
1541531477 10.164274726595197
1541541472 11.950428571019854
1541558058 8.755392857960292
1541559821 9.011522879008375
1541561860 8.75127604107062
1541563018 8.88903686417962
1541564053 8.745294963713173
1541564981 7.949838905711305
1541566046 8.253230987468235
1541566852 8.05842553491288
1541567797 7.98482776484943
1541568945 8.560955432796213
1541569790 8.392253927535412
1541570502 8.237597989676585
1541571445 8.116939085994275
1541572115 7.59060502270041
1541572980 7.641308035169329
1541573657 7.459390455626614
1541574372 7.2441152260627275
1541575136 7.325600000263489
1541575866 7.505993684467517
1541576665 7.238280163708397
1541577277 7.068677354671196
1541577888 6.950572265777737
1541578527 6.674354716966737
1541579178 6.524526605256107
1541579843 6.358113308604673
1541580826 6.715158822957207
1541581601 7.080379165709019
1541582309 7.225587981964897
1541582981 7.22955982807355
1541583837 7.334031983479254
1541584459 7.030098591771884
1541585166 6.964924901370474
1541585823 6.860025145329636
1541586457 6.831253846333577
1541587226 6.6869617588889305
1541588020 6.800740157056042
1541588647 6.734371372993956
1541589343 6.70171123974083
1541590019 6.658943689679637
1541590699 6.803372092949328
1541591477 6.719884250376663
1541592332 7.058514462522239
1541593100 7.108075312989526
1541593847 7.2244849772924
1541594864 7.446184146654356
1541595848 7.6023899505012915
1541596770 7.781387754240814
1541597840 8.271479107211228
1541598887 8.725394958875427
1541600029 8.623931752468074
1541601332 8.997827925465323
1541602606 8.754600003614264
1541604150 9.236380391962388
1541605460 9.271453813376676
1541607052 8.843094652081714
1541609148 8.4674611437506
1541611694 9.532195946654758
1541614155 8.765378200090849
1541619181 12.285783780587685
1541630844 12.34864998459816
1541644280 8.938642848105658
1541645934 8.5602867603302
1541647535 9.214451921673922
1541648976 8.591742062379444
1541650087 8.971795362855477
1541650952 8.654795594935146
1541651673 8.411612900354529
1541652406 8.022012045297277
1541653218 7.568708144162036
1541654330 7.280349426159914
1541655165 7.379592857474372
1541655915 7.479822116402479
1541656891 7.68607052867899
1541657874 7.679951218279396
1541658592 7.407454755632617
1541659279 7.315354690398995
1541660126 7.503759814740328
1541660796 7.061492537130425
1541661532 7.019367885783436
1541662201 6.895086171870719
1541663016 7.042460904690464
1541663756 6.816044264875907
1541664798 7.231828570627904
1541665651 7.388622684611215
1541666353 7.382479069953741
1541667152 7.500691588793959
1541667929 7.4131613633849405
1541668665 7.150078058745791
1541669529 7.459253829730678
1541670088 7.175651991642246
1541670829 7.0782606927052045
1541671402 6.767186046570771
1541672035 6.653708411599988
1541672894 6.4894211504587656
1541673753 7.010596349321562
1541674373 6.751690058680306
1541675062 6.991953629159158
1541675759 7.102160569613542
1541676427 6.939019531011581
1541677144 6.727671102425898
1541677814 6.63688619412593
1541678617 6.975078739988522
1541679430 7.054317622888283
1541680418 7.416740909489718
1541681299 7.524535715012323
1541682134 7.455919707778596
1541683123 7.458736707590803
1541683961 7.421420790771447
1541684824 7.5606240763418215
1541685825 7.822529260742149
1541687350 8.27977089689981
1541688541 8.40841694928832
1541689820 8.625274304714468
1541691380 9.022121671488076
1541693633 9.994989531202465
1541695239 10.77387629096041
1541696879 11.066985917203302
1541699224 10.42629378663618
1541702432 8.048238807649755
1541707343 9.479473688100514
1541723791 12.550333340962728
1541731480 9.294847223493788
1541732801 9.01264557204669
1541734775 9.26395833271521
1541735929 9.181961037895896
1541737042 8.414182478494018
1541737929 8.174239763042383
1541738927 8.318372221125497
1541739804 8.146730074232831
1541740781 8.125861978158355
1541741558 7.976541560603029
1541742281 7.4581334881257675
1541743175 7.572473682284926
1541743885 7.2750407225406
1541744645 7.249969826690082
1541745338 7.0852651352175595
1541746275 7.3189911905364315
1541747068 7.251361051847429
1541747906 7.459309256641913
1541748784 7.419091981536937
1541749548 7.498077102910693
1541750215 7.194700430179465
1541750904 7.18599999895443
1541751728 7.150824033139601
1541752467 7.212512244010458
1541753353 7.604002145226933
1541754076 7.492778723290626
1541754843 7.577548807458609
1541755473 7.383488470153488
1541756159 7.183618853326704
1541756717 6.684127863581854
1541757466 6.626328923075771
1541758061 6.368518851603811
1541758795 6.563246801086928
1541759580 6.924861804537489
1541760150 6.763833020909866
1541761006 6.831289370698253
1541761603 6.7468089671627585
1541762339 6.626336594617063
1541763163 6.5477063490284815
1541763885 6.7783188400308045
1541764872 7.216438751709222
1541765754 7.428633801813977
1541766580 7.634985947776455
1541767353 7.853519230507887
1541768184 7.684058138936065
1541769201 7.476916863063169
1541770069 7.567300241160912
1541771300 8.062286932360042
1541772294 7.780575499575362
1541773545 8.359941750282609
1541774807 8.306771985871007
1541775898 8.339946842668857
1541777165 8.445109996795654
1541778645 8.541940957417788
1541780174 8.788767717016025
1541781751 8.181539474872121
1541784377 8.810117285928609
1541787208 8.915274812975003
1541791017 9.200893625299981
1541800451 9.235179485418858
1541818009 9.545442631987274
1541821056 9.362388439414914
1541823665 9.09070400238037
1541825953 8.485375893031451
1541828782 8.524397161835473
1541830921 9.42635593171847
1541832338 9.261714977918615
1541833841 8.809008582978802
1541834914 9.049193799033645
1541836407 8.849298894185422
1541837921 8.807176708696357
1541839312 8.018272002220154
1541840443 8.19694326532648
1541841509 7.878108197352925
1541842763 7.994174050379403
1541844027 7.986529801065559
1541844936 8.009306502416038
1541845806 8.024321023713458
1541846903 8.458786112732357
1541848024 8.452514125128923
1541849114 8.608285716239441
1541850387 8.721517570483417
1541851404 8.340394495459506
1541852426 8.18346913655599
1541853440 8.114000002091581
1541854495 7.9556460681926
1541855724 8.253941690956538
1541856882 8.230490795673768
1541857895 8.072640717386486
1541859454 8.438924653889382
1541860516 7.936969693662341
1541861938 8.388187495224615
1541863698 8.514419605217729
1541865413 9.54110243843823
1541867963 9.843006097688907
1541871768 9.92966666125288
1541875537 11.141835055400415
1541884730 9.88278259401736
1541901838 8.582343757152557
1541906343 9.17252222167121
1541910852 9.051070424872385
1541914137 10.005897434348734
1541916593 10.185918703311827
1541918248 9.81244242552555
1541919870 9.215102806269565
1541921440 8.79239075824994
1541922893 8.900311407290006
1541924782 9.198502328783967
1541926457 9.140509806427302
1541928068 9.09938565070319
1541928908 8.294531249337727
1541929998 8.494172076126198
1541930828 7.965754985130071
1541931765 7.677051814108933
1541932841 7.944951743286992
1541933901 7.789042553369035
1541934720 8.138099462114354
1541935671 8.353055408573402
1541936886 8.330122613776933
1541937939 8.62827352916493
1541939260 8.383181520027689
1541940314 8.454523810129317
1541941899 9.049140152606098
1541943143 9.030285716493488
1541944026 8.88184589229218
1541945382 8.331042484520308
1541946712 8.161820847359076
1541947995 8.872557194910366
1541949811 9.339237066178486
1541952364 10.830582352245555
1541953868 9.320385026421777
1541958516 7.749087497591972
1541963157 11.102194441689385
1541972434 10.261075007915498
1541990835 10.698706910527985
1541993010 10.88011688690681
1541994597 10.0508489596347
1541995566 9.518040819557346
1541996680 9.02038095354223
1541997513 8.44694252945911
1541998448 8.569400529330226
1541999506 8.334580902079372
1542000341 8.053508817398878
1542001003 7.800318841772955
1542001645 7.38045618132259
1542002294 6.9712729180852575
1542003008 6.519705770107416
1542003896 6.689446640108885
1542004877 7.17856455110095
1542005680 7.435426605950802
1542006447 7.532527059106266
1542007160 7.422742730019077
1542008043 7.243753880460616
1542008926 7.242582023277711
1542009778 7.051538976104329
1542010522 7.286806818030097
1542011350 7.365330210893439
1542012015 7.101496773894115
1542012812 7.09570299101691
1542013467 7.100085889391129
1542014355 7.101476987535484
1542015172 7.4079827216994945
1542015877 7.251826722338205
1542016569 7.223993724360127
1542017343 7.252068377458132
1542018012 7.008304436360636
1542018666 6.752702495644509
1542019413 6.835630350539656
1542020028 6.773880998369829
1542020935 7.027821429192074
1542021733 7.250574949096116
1542022477 7.411308017461109
1542023302 7.55539824978267
1542024045 7.500993421203212
1542024803 7.122901051671882
1542025448 6.936492928591641
1542026220 7.0692199166879615
1542027123 7.014621338584932
1542027939 7.12503036863116
1542029058 7.9135910233951865
1542030311 8.481988605271038
1542031162 8.256394813658524
1542032336 8.651458203608037
1542033421 8.452410714257331
1542034400 8.516562110148602
1542035333 8.221570605159837
1542036467 7.815181034049768
1542037919 8.425250812928141
1542039466 8.683897228580218
1542041343 8.9025565606976
1542043819 10.566315441323606
1542046610 9.327496297271164
1542049547 10.677868212840353
1542054694 9.547987179878431
1542071152 13.574642862592425
1542077650 9.658021737699924
1542079335 9.547516486146948
1542081289 9.792565656430794
1542082609 10.254850466674734
1542083539 9.263996348763904
1542084606 8.834581249207258
1542085322 8.150890410436343
1542086231 7.6704547722735
1542087310 7.3878925816177405
1542088188 7.413261726167467
1542088974 7.531831630638668
1542089804 7.582292802872196
1542090639 7.701910550441217
1542091350 7.574215555720859
1542092142 7.686282561051661
1542092990 7.6915820239635
1542093839 7.461538117562709
1542094670 7.401650114468473
1542095351 7.4012354275570855
1542095985 7.182734310876375
1542096728 6.913131148111625
1542097458 6.969448000907898
1542098222 7.0056058822893625
1542098824 6.785431599571067
1542099575 6.897588469162139
1542100340 6.911393213652803
1542101039 6.767865346681954
1542101704 6.635485659593834
1542102372 6.767774066662741
1542103001 6.6717292068083
1542103749 6.744789077288238
1542104676 7.085674747312912
1542105429 7.228595041046458
1542106205 7.449279569810437
1542106924 7.57137499984942
1542107657 7.309612903287334
1542108299 7.031747495005269
1542109137 7.072838445870179
1542109759 6.7939328058906225
1542110522 6.81363744992184
1542111346 6.986189410060098
1542112216 7.296514100987069
1542113121 7.6351779869624545
1542113876 7.668867133436225
1542114693 7.526148064532964
1542115470 7.462506787269903
1542116555 7.8083270132824145
1542117457 8.120883374296998
1542118689 8.931515850319986
1542119745 9.17833625852016
1542120760 9.268142859387842
1542122008 8.849431611121968
1542123350 8.74487707860446
1542124707 9.249611512362527
1542126736 9.623223302433791
1542129020 9.764812116911918
1542131461 9.835464965006349
1542135831 10.510432834055885
1542144005 10.462636376872208
1542161697 8.61405556731754
1542164555 9.914932686548967
1542166344 9.546318679065495
1542167319 9.068008062339597
1542168770 9.164641114477497
1542169881 9.05446103640965
1542170930 9.061139532101906
1542171800 8.699861670777159
1542172803 8.176462808587992
1542173656 7.862933161939018
1542174547 7.854248120372457
1542175533 7.915971278521784
1542176231 7.790255474058091
1542177063 7.76485813883848
1542177777 7.508503339869407
1542178417 7.175847279975604
1542179326 7.2105758834529565
1542179962 7.2074690081856465
1542180965 7.40620350055152
1542181584 7.222395298827408
1542182359 7.184843219942966
1542183165 7.26930785959985
1542183927 7.093878524680975
1542184652 6.939786885605484
1542185360 6.9485021008162935
1542186132 7.004064448905834
1542186896 7.033119341473521
1542187680 7.053650526247527
1542188368 7.059285114896123
1542188998 6.934853413497588
1542189623 6.738539960649279
1542190234 6.446631775615371
1542190924 6.461344506265509
1542191721 6.520321690860917
1542192549 6.921727272361634
1542193305 7.07027811848069
1542194039 7.365278131642919
1542194758 7.243675732213583
1542195358 7.098241449121978
1542196122 6.994805168678936
1542196978 7.100682280456947
1542197843 7.204059829059829
1542198587 7.187086206571809
1542199269 7.266054112673838
1542200023 7.217406383473822
1542200917 7.291813853499177
1542201838 7.504936123734529
1542202927 8.299443590946687
1542203859 8.307431635843844
1542204841 8.091030303440146
1542205848 7.733130194804015
1542206702 7.432662304159234
1542208032 7.46533333474075
1542209483 8.028407409937694
1542211277 8.557291142548188
1542213069 9.64180488004917
1542214986 9.608294415594962
1542216875 9.551251333665082
1542219266 9.424648478536895
1542222457 10.703495863055394
1542232894 10.986823544782752
1542247892 11.0364242105773
1542250558 9.58667961602072
1542252147 10.022953847738412
1542253417 9.215931453051105
1542254719 8.685661480120647
1542255605 8.13425705425418
1542256253 7.575188524736081
1542257076 7.851465294477566
1542257816 7.428678239385287
1542258573 7.056108784974868
1542259356 7.401193546479748
1542260171 7.4426916477767
1542260907 7.361110402773393
1542261617 7.346585774022665
1542262706 7.616212617014056
1542263522 7.277134090662003
1542264315 7.380418014306119
1542265196 7.748093828154199
1542266101 7.51700464146873
1542266849 7.395527397660905
1542267515 7.331202197336888
1542268225 7.217141304327094
1542269118 7.0860341154436055
1542269896 7.1282662470635625
1542270569 7.01019421490756
1542271277 7.176338912054086
1542271933 7.0962674897394065
1542272626 6.8747071287305825
1542273556 7.230846938794973
1542274304 7.290726140821623
1542275053 7.426627907138042
1542275742 7.48007036221307
1542276590 7.740658536454262
1542277366 7.457260127769096
1542278126 7.413390294911992
1542278780 7.1746742263282695
1542279559 7.231600831799101
1542280253 7.145507099662301
1542281046 7.094432926759487
1542281749 6.995110000610351
1542282434 7.1256787887727375
1542283110 6.9681386149755795
1542283801 6.91318074706027
1542284470 6.618616981326409
1542285220 6.746422265175437
1542286018 6.8472643002015365
1542286891 7.272912765056529
1542287746 7.226578258949777
1542288738 7.869048306907433
1542289862 8.18314058141936
1542291042 8.604875379058003
1542291900 8.16593063566726
1542292742 7.87371625190924
1542293971 8.014039215253515
1542295137 8.035569798912418
1542297081 8.518635192142536
1542298986 8.645268421424063
1542300324 8.816736109830716
1542302276 9.011086755691599
1542304057 9.630787561594513
1542306903 9.318118517487138
1542312295 11.015181827545167
1542328832 9.199562519788742
1542337177 8.968523255614347
1542339184 9.96037805225791
1542340578 8.998065121229304
1542341538 8.155198503522838
1542342507 7.619516026515227
1542343498 7.185254188889232
1542344238 7.2580751870807845
1542345321 7.728469816718515
1542346086 7.666007426115546
1542346560 6.905424507232933
1542347205 6.708572597347642
1542347943 6.614641851582517
1542348846 6.421892995964228
1542349424 6.089747698047982
1542350103 6.623296660383932
1542350924 6.903407867897618
1542351591 6.910969450129025
1542352218 6.66501707732112
1542352903 6.575216164714412
1542353651 6.723389863038388
1542354523 6.794394421387478
1542355191 6.675535855540241
1542355758 6.5601411758684645
1542356611 6.950149377351974
1542357276 6.752879031723546
1542357903 6.500784090522564
1542358674 6.849884990130716
1542359362 7.067289421420373
1542360040 6.774811787297064
1542360812 6.914951550406079
1542361574 7.074560081400357
1542362176 6.808781676357485
1542362929 6.887825049178501
1542363627 6.845660713456926
1542364318 6.70922868103944
1542365099 6.915341746691361
1542365847 7.190298173297008
1542366568 7.270902040053387
1542367441 7.4413204300788145
1542368325 7.334653508767747
1542369301 7.60312796204011
1542370168 7.78198254316525
1542371036 7.894631838917139
1542371922 7.90974875528421
1542372779 7.593747043158709
1542373715 7.827155171356765
1542374713 8.237731457976125
1542375525 8.07171499967575
1542376875 8.438058138586754
1542377777 8.06897492926765
1542378861 8.477745453516642
1542380089 8.446260735301152
1542381706 9.26126936968842
1542383048 9.363208493670902
1542384605 9.668173555500251
1542386630 10.10517073259121
1542389286 10.517664380269508
1542392045 10.11279699139129
1542395103 10.427815790761981
1542402183 7.572304331738016
1542421821 7.832080011367798
1542424876 10.042770641659377
1542428492 8.848920001983643
1542430724 9.526181813442346
1542432621 9.45111474964788
1542434296 9.93627586035893
1542435772 9.76582379173077
1542437489 9.049436444953336
1542438864 9.047429153311107
1542440314 9.044928871936879
1542441624 9.027273762815351
1542443147 8.80445977097727
1542444718 9.152256203091834
1542446265 9.223560539596283
1542447430 9.021388431225926
1542448493 8.486819111039614
1542449293 7.886752112482635
1542450351 8.1530478880439
1542451450 8.333969446023305
1542452459 8.555189945178325
1542453369 8.724323615388341
1542454574 8.954654867318528
1542455692 8.706391691807823
1542456671 8.547488236427307
1542457866 8.32648012470397
1542459179 8.328843752294778
1542460281 9.02372909788304
1542461503 9.304221476484464
1542463314 8.764113283716142
1542464958 8.834913877779217
1542466956 8.436255003213882
1542469124 10.008297146388463
1542471031 11.31872872469273
1542473597 10.117664473621469
1542476393 9.869161760105806
1542478677 8.973711541065803
1542485840 11.470408167157855
1542505444 10.118206895630935
1542511287 9.127768423682765
1542515252 9.949787231201821
1542517070 8.48160134940534
1542519328 7.813950000868903
1542521140 8.651317462719307
1542522733 9.353907411849057
1542524422 8.792658988231887
1542525614 8.317194555520084
1542526760 7.883049243327343
1542528228 8.154788196086884
1542529471 8.971018114815587
1542531013 9.686757351545726
1542532134 8.812842292170371
1542533181 8.327064846155993
1542534142 8.173262537053201
1542535305 8.348473837209303
1542536166 8.172117318520998
1542537294 8.71599414962077
1542538503 8.499742512217539
1542539456 8.392018070422024
1542540287 8.035899711543305
1542541376 7.923980714861027
1542542605 8.349667620180671
1542544046 8.945312054444711
1542545478 9.067476378651115
1542546886 9.347663938999176
1542547978 9.334978800359126
1542549468 9.68150181683627
1542550683 9.498128112100622
1542552183 8.476812976917238
1542554076 8.41581278522265
1542556070 9.733829896474623
1542558222 9.155652173557637
1542561115 9.92638620179275
1542563250 10.163465271393457
1542565253 9.76002083470424
1542571505 12.592948705722124
1542592073 8.13600001335144
1542596293 8.826595747724493
1542598152 10.952810345024899
1542599203 10.061199190170784
1542600381 9.506104317500437
1542601518 8.404400630704236
1542603000 8.231520688122716
1542603681 7.841242330937297
1542604562 7.811171427454267
1542605323 7.804823847644052
1542606099 7.571398514922302
1542606991 7.681031963596605
1542607840 7.601401869938752
1542608813 7.303487864512841
1542609840 7.458868557644873
1542610674 7.79941145889461
1542611430 7.57688059735654
1542612153 7.226725623721168
1542612861 7.1587780184786896
1542613719 7.216746269258609
1542614543 7.24808714696265
1542615473 7.5250361181005125
1542616225 7.6533157896395405
1542616906 7.323875816818935
1542617684 7.461933921087156
1542618290 7.143068181089133
1542619352 7.022379827601715
1542620145 7.154572983972387
1542620873 7.132652653529581
1542621563 7.076735681899319
1542622379 7.355944811376778
1542623081 7.259541666507721
1542623825 7.225768762959912
1542624659 7.366353814379644
1542625243 7.095181633501637
1542625916 6.843159135994602
1542626615 6.754280155734794
1542627329 6.673281553416576
1542628241 6.776166007452803
1542629290 7.426683602652429
1542630174 7.703800983452387
1542631022 7.857623712918193
1542631845 7.586900250870094
1542632677 7.393477647444781
1542633756 7.463429975275326
1542634963 8.009831023678554
1542635975 8.11890935549262
1542637104 8.005768768064252
1542638302 7.76776160987169
1542639448 8.162168286764892
1542640862 8.341942028722901
1542641954 8.219603332678476
1542643591 8.358143966021705
1542645163 9.250344676159798
1542647429 10.09995811771972
1542649385 9.386233918150964
1542652096 9.721705126456726
1542656979 9.519815389926617
1542669363 9.792750000953674
1542682385 8.225616428950062
1542684840 10.45331468282046
1542686219 9.793129536772021
1542687096 8.78154651231544
1542687931 7.83678550014323
1542688822 7.8543467745986035
1542689812 8.192716417621025
1542690799 8.177434782237958
1542691601 8.219635441937024
1542692359 8.138610837494799
1542693114 7.687420689922639
1542693908 7.556658747901669
1542694612 7.437923237001253
1542695376 7.391089583933353
1542696119 7.396684210927863
1542696837 7.256468172680426
1542697561 7.190356997882619
1542698244 7.149412475121573
1542699140 7.37605636702201
1542699890 7.268745341903181
1542700592 7.284856841940629
1542701256 7.05071020369627
1542701955 7.0951314168299495
1542702679 6.932633333580167
1542703448 6.953696850247271
1542704142 7.00716470596837
1542704999 7.24033057935967
1542705717 7.334701462429102
1542706482 7.358295983542347
1542707056 6.989520000934601
1542707726 6.977007889888696
1542708350 6.731444022687156
1542709042 6.599326567896178
1542710075 6.7079485147306235
1542710860 7.029138364631924
1542711408 6.865897541163398
1542712090 6.953482474494226
1542712729 6.848479674599035
1542713564 6.756417794661089
1542714427 6.823700787044886
1542715186 7.145690678034798
1542715964 7.093855579781063
1542716751 7.255299777259229
1542717734 7.046579185654135
1542718517 7.254662036343857
1542719381 7.450125289350541
1542720419 7.851972429375899
1542721896 8.625892307574933
1542722901 8.497300317112249
1542723904 8.619241267158872
1542725201 8.429761753560607
1542726226 8.512023809410277
1542727597 9.036918643369512
1542729135 9.169315985144292
1542730872 10.048973331451416
1542732573 10.031281686164963
1542735853 10.092521010326738
1542738112 9.711101565510035
1542743426 10.889328950329832
1542760621 12.730909065766769
1542768993 9.332529407389023
1542770635 9.017603349419279
1542771875 8.894275303311677
1542773207 8.87727067255436
1542774058 8.714360125195174
1542774980 8.343567792305166
1542775836 8.176453579642097
1542776818 7.909659999608993
1542777471 7.621519999223597
1542778220 7.525918980991399
1542778919 7.142923912276393
1542779695 7.110824785680852
1542780584 6.97903333256642
1542781396 7.238028697357009
1542782315 7.328976905373448
1542783042 7.249173610850617
1542783762 7.221751693678225
1542784522 7.218377440198124
1542785260 7.06819750514199
1542786004 7.037476577972443
1542786730 7.032627571266865
1542787458 7.055746420273264
1542788151 7.018979959354133
1542788918 6.9552004038080995
1542789678 7.091755060531832
1542790361 7.1481171713935
1542791105 7.14483130026639
1542791868 7.130696720764285
1542792648 6.965837448222157
1542793327 6.868811740566362
1542794097 6.7730308643584385
1542794697 6.579994035762536
1542795336 6.499415534213909
1542796018 6.4337312617293225
1542796772 6.587653409802552
1542797563 6.823641762879617
1542798207 6.81449042197845
1542798796 6.774912547702572
1542799530 6.8732674417569655
1542800373 6.794786427549259
1542801129 6.716027722972455
1542801954 6.791866242252844
1542802697 6.943054825590368
1542803230 6.542505071806375
1542803928 6.438861328642815
1542804701 6.443616142423134
1542805675 6.645339544268622
1542806657 7.231345707191945
1542807457 7.686053267980026
1542808612 8.515144845569367
1542809691 8.553373258425998
1542810819 8.483006022780774
1542812149 8.618537216124796
1542813295 9.057265780692877
1542814634 9.362573944347005
1542816292 8.980245901912939
1542817906 9.023409689050414
1542820217 9.061796697941455
1542822288 8.784161844694545
1542824708 10.063393750786782
1542829412 10.799423722897545
1542846973 9.267421044801411
1542855567 9.505439567041922
1542857392 10.739159764622796
1542858673 10.521755456924438
1542859833 9.982969812177263
1542860774 9.117280001273523
1542861751 8.57420057416987
1542862572 8.369602631895166
1542863475 8.393949367426618
1542864373 8.205821781465323
1542865153 8.107067757120756
1542865840 7.922970521477074
1542866450 7.428932059342694
1542867230 7.4118435513897625
1542868110 7.29060624986887
1542869000 7.190825159869977
1542869665 7.212074946540326
1542870304 7.095559071890915
1542870972 7.031346555542598
1542871781 6.916227180624105
1542872635 7.089947999954224
1542874077 7.454071618517767
1542874818 7.472663979376516
1542875433 7.120078086252477
1542876121 6.901513382176123
1542876767 6.474501123856962
1542877522 6.671733716438556
1542878424 6.682789999961853
1542879282 6.956937768428622
1542879880 6.76384049105498
1542880510 6.838126294607949
1542881108 6.604849207022833
1542881792 6.517468208981847
1542882658 6.7440917779109215
1542883360 6.661192816462093
1542884108 7.005918326130901
1542885024 7.615514161020582
1542885760 7.568691795522517
1542886420 7.149363825078318
1542887261 7.38842299289662
1542887898 7.069536381600552
1542888742 7.114155924493707
1542889648 7.541854944857922
1542890242 7.3062264154542165
1542890983 7.258899791753366
1542891881 7.3650891304016115
1542892734 7.2034139435795135
1542893461 6.948795698535058
1542894419 7.3768764833373295
1542895513 7.72958999812603
1542896906 8.570206150641809
1542897885 8.585129744644407
1542899077 8.714782892089142
1542900449 8.578398691283333
1542901526 8.660016893535047
1542903008 8.263841156494747
1542905060 8.784174755939002
1542907518 9.4893959800669
1542909746 8.3516859014829
1542913977 12.31967033658709
1542935278 11.281000018119812
1542941888 9.32242500782013
1542943744 9.215758622377768
1542944914 8.780620000839233
1542945957 8.503885608757553
1542946814 8.098798815315291
1542947607 7.470606952427543
1542948382 7.260967822948305
1542949078 6.828183190575961
1542949771 6.637864584724109
1542950600 6.8491898754981
1542951379 7.003390496427363
1542952190 7.115896775645594
1542953116 7.3999756653751945
1542954160 7.865323458188846
1542954894 7.5976298084625835
1542955713 7.743139025060142
1542956395 7.4329101391102315
1542957112 7.261143488073454
1542957838 7.0722632661157725
1542958476 6.936663346936503
1542959124 6.721542471163982
1542959924 6.9009217222142825
1542960676 7.009330039910177
1542961431 7.1019584164761085
1542962281 7.505274841699741
1542962960 7.620796574259724
1542963627 7.409681070488666
1542964352 7.2273543793897765
1542965257 7.43339361687924
1542966091 7.224288135766983
1542966636 6.962240326428851
1542967437 7.279533190696602
1542968103 7.06519341615983
1542968834 6.836126984584899
1542969479 6.657337209975073
1542970250 7.056718875605418
1542970878 6.806406909810833
1542971655 6.884094302921258
1542972414 7.074478174012805
1542973049 7.046488141825076
1542973760 6.85273398056771
1542974865 7.1914966584313955
1542975657 7.029843954463582
1542976519 7.1748376459233905
1542977405 7.678867345561787
1542978064 7.244339407440742
1542978707 7.118316239271408
1542979483 7.133997925584247
1542980293 7.145915113867686
1542981075 7.060384928573173
1542982195 7.746356459325581
1542983323 8.203395663238153
1542984780 8.527494879712831
1542987382 8.581029238059507
