1537257227 7.0505806419157215
1537259274 7.080941176214138
1537266351 6.947307693041288
1537297593 13.784999987658333
1537323512 12.780807696855986
1537331331 6.7233109213724855
1537341250 6.965243903602042
1537353595 7.506711862855038
1537356526 6.762045453895222
1537362030 8.203749996920427
1537380594 9.846068982420297
1537439392 6.297418918158557
1537505879 7.295184872731441
1537514381 6.583691054243382
1537523487 7.64012711735095
1537548535 10.390315796199598
1537558382 8.66347056276658
1537636539 9.725880952108474
1537848190 8.264642853822027
1537865143 6.128892857687814
1537900857 14.013769241479727
1537926803 8.021666672494677
1537935309 8.30071764833787
1537946167 7.092786882744461
1537946681 7.357520324427907
1537952139 6.835864662227774
1537982457 7.955021274850724
1538119874 6.982338709215964
1538125525 6.010219999949137
1538147601 8.47923999786377
1538265378 4.658272732387889
1538310686 8.770246577589479
1538321073 7.786742423519944
1538370430 8.5817979802989
1538396700 7.957282829766322
1538397396 7.717850000858307
1538471874 7.249373984530689
1538477867 7.307823012360429
1538481150 7.8042277251139724
1538482341 7.474700854374812
1538485299 8.253077777226766
1538491121 8.803700002034505
1538492578 12.292754713094459
1538546375 11.660170210168717
1538549392 8.14207895178544
1538559749 9.558739730756576
1538567219 8.152151895474784
1538623632 7.11165599822998
1538636153 8.179475728747914
1538636886 7.991704084435288
1538660720 7.917878786722819
1538702930 10.349210538362202
1538704620 8.661244903291974
1538727994 7.033722687168281
1538825320 9.522353839874267
1538828027 10.595199996774847
1538835578 10.51890739688167
1538861140 12.235555595821804
1538884540 9.063592610535798
1538895808 8.270115384688744
1538902170 6.775758619966178
1538910310 9.669506850307934
1538920820 8.257513156062679
1538993489 6.551121429034642
1538999596 6.905184880024245
1539044288 10.847363638155388
1539050466 9.677173915116683
1539144081 8.764192306078398
1539171568 7.538370368657289
1539207740 6.58899998664856
1539232887 6.519782608833866
1539326645 7.754438774926322
1539334725 7.183974577208697
1539365775 10.864124996321541
1539415875 9.304781818389893
1539574570 8.631556819785725
1539609556 8.979178576242356
1539674131 7.463657658379357
1539696658 8.076123596577162
1539712987 9.17914286681584
1539745115 7.662690139152635
1539751718 7.626865547244289
1539756199 6.895907691808847
1539785193 8.931149427918182
1539830158 10.050442310479971
1539830413 10.827761907426138
1539837133 7.815387929308003
1539839852 8.068470587917403
1539846007 7.385729508321793
1539846893 7.114552842892282
1539863485 7.5107999983288
1539875172 9.19359420693439
1539929672 6.47702459038281
1539938772 6.734587304175846
1539941867 7.767700000603994
1539961061 9.580020825068155
1539974443 11.534038461171663
1539985265 16.487727295268666
1540018525 8.61727272380482
1540019632 9.028540546829635
1540096641 9.63470908945257
1540098403 9.806727263060482
1540117941 9.408797094787376
1540218645 8.194846153259277
1540230030 5.910333326884678
1540264674 7.505703707536061
1540268310 7.23245045086285
1540284424 7.053149606299213
1540284563 7.123661289291997
1540310661 8.488816319679728
1540355563 7.292720001220703
1540363187 7.418362903979517
1540365442 7.13062711893502
1540469686 8.381028570447649
1540472921 7.655364582935969
1540477978 7.800500002400629
1540543008 6.800333331721697
1540546363 7.253215999603271
1540557290 7.326481481393178
1540560571 9.781352117028035
1540617601 9.707818183031948
1540629094 7.893675672041403
1540636478 8.588761197986887
1540651941 9.46272368493833
1540708426 8.769633806927104
1540781796 8.582967742796868
1540803027 8.116624998194832
1540820152 8.497471694676381
1540829513 7.377841583572992
1540868389 9.312352113320793
1540905420 7.8837954537435015
1540927163 15.096260879350746
1540967131 7.52303389775551
1540986723 6.765828125178814
1541057081 6.752394161085142
