1537257227
1537259274
1537266351
1537297593
1537323512
1537331331
1537341250
1537353595
1537356526
1537362030
1537380594
1537439392
1537505879
1537514381
1537523487
1537548535
1537558382
1537636539
1537848190
1537865143
1537900857
1537926803
1537935309
1537946167
1537946681
1537952139
1537982457
1538119874
1538125525
1538147601
1538265378
1538310686
1538321073
1538370430
1538396700
1538397396
1538471874
1538477867
1538481150
1538482341
1538485299
1538491121
1538492578
1538546375
1538549392
1538559749
1538567219
1538623632
1538636153
1538636886
1538660720
1538702930
1538704620
1538727994
1538825320
1538828027
1538835578
1538861140
1538884540
1538895808
1538902170
1538910310
1538920820
1538993489
1538999596
1539044288
1539050466
1539144081
1539171568
1539207740
1539232887
1539326645
1539334725
1539365775
1539415875
1539574570
1539609556
1539674131
1539696658
1539712987
1539745115
1539751718
1539756199
1539785193
1539830158
1539830413
1539837133
1539839852
1539846007
1539846893
1539863485
1539875172
1539929672
1539938772
1539941867
1539961061
1539974443
1539985265
1540018525
1540019632
1540096641
1540098403
1540117941
1540218645
1540230030
1540264674
1540268310
1540284424
1540284563
1540310661
1540355563
1540363187
1540365442
1540469686
1540472921
1540477978
1540543008
1540546363
1540557290
1540560571
1540617601
1540629094
1540636478
1540651941
1540708426
1540781796
1540803027
1540820152
1540829513
1540868389
1540905420
1540927163
1540967131
1540986723
1541057081
