1569849956
1569850160
1569850692
1569850973
1569851179
1569851528
1569851735
1569851965
1569852195
1569852432
1569853040
1569853351
1570543078
1570543439
1570543641
1570544570
1570544774
1570545031
1570545240
1571322949
1571325072
1571325269
1571325468
1571325672
1571325871
1571326072
1571326763
1571326975
1571327182
1571395864
1571396060
1571396257
1571396456
1571396654
1571396853
1571397082
1571397287
1571397485
1571397682
1571404929
1571405129
1571405326
1571405526
1571405758
1571408947
1571409178
1571409380
1571409579
1571409795
1571664362
1571664906
1571665109
1571665320
1571665514
1571665709
1571668127
1571668326
1571668530
1571668724
1571668927
1571751998
1571752192
1571752392
1571752597
1571752792
1571752988
1571753185
1571753382
1571753580
1571753776
1571760135
1571760330
1571760535
1571760730
1571760931
1571761140
1571761340
1571761535
1571761730
1571761942
1572003241
1572003435
1572003633
1572003831
1572004027
1572004223
1572004417
1572004617
1572004818
1572005017
1572011219
1572011415
1572011609
1572011808
1572012005
1572012202
1572012397
1572012591
1572012786
1572012979
1572265039
1572265236
1572265434
1572265632
1572265834
1572266040
1572266233
1572266437
1572266637
1572266835
1572274106
1572274279
1572274452
1572274616
1572274788
1572274958
1572275127
1572275306
1572275474
1572275649
1572361252
1572361450
1572361645
1572361840
1572362040
1572362233
1572362429
1572362625
1572362824
1572363019
1572366899
1572367066
1572367235
1572367404
1572367587
1572367763
1572367934
1572368102
1572368268
1572368434
1572532369
1572532571
1572532776
1572544486
1572544654
1572544824
1572544998
1572545172
1572869998
1572870166
1572870387
1572870572
1572870788
1572965380
1572965547
1572965714
1572965884
1572966055
1572966221
1572966392
1572966577
1572966756
1572966920
1573207026
1573207195
1573207364
1573207530
1573207700
1573207868
1573208034
1573208199
1573208367
1573208533
1573220269
1573220436
1573220604
1573220772
1573220940
1573221108
1573221272
1573221441
1573221607
1573221777
1573221966
1573222137
1573222304
1573222468
1573222637
1573301117
1573301287
1573301468
1573301640
1573301822
1573302000
1573302169
1573302343
1573302512
1573302678
1573303833
1573303993
1573304157
1573304323
1573304482
1573304650
1573304809
1573304968
1573305131
1573305291
1573752463
1573752721
1573752880
1573753038
1573753196
1573753350
1573753509
1573753663
1573753825
1573754645
1573754804
1573754965
1573755133
1573755293
1573755451
1573755607
1573755766
1573755923
1573756080
1573831388
1573831546
1573831704
1573831878
1573832030
1573832189
1573832345
1573832512
1573832667
1573832822
1573833017
1573833175
1573833338
1573833495
1573833653
1573901027
1573901185
1573901341
1573901496
1573901658
1573901812
1573901966
1573902125
1573902282
1573902438
1574685754
1574685943
1574686117
1574686274
1574686436
1574686602
1574686758
1574686950
1574687114
1574687291
1574689621
1574689835
1574690006
1574690172
1574690345
1574690505
1574690674
1574690835
1574691019
1574691199
1574706820
1574707064
1574954167
1574954330
1574954505
1574954670
1574954854
1574955011
1574955271
1574955429
1574955589
1574955750
1575026497
1575026659
1575026820
1575026980
1575027144
1575027305
1575027471
1575027627
1575027792
1575027957
1575112813
1575112975
1575113137
1575113297
1575113455
1575113615
1575113772
1575113930
1575114091
1575114255
1575289742
1575289910
1575290075
1575290258
1575290430
1575290607
1575290775
1575290937
1575291094
1575291256
1575384145
1575384305
1575384465
1575384623
1575384788
1575384943
1575385104
1575385266
1575385425
1575385589
1575556525
1575556687
1575556851
1575557031
1575557213
1575557398
1575557571
1575557745
1575558203
1575558393
1579184024
1579184739
1579184901
1579185062
1579185237
1579185413
1579185596
1579185770
1579185964
1579186136
1579351754
