1569849895
1569850097
1569850857
1569851114
1569851450
1569851667
1569851879
1569852107
1569852336
1569852570
1569852649
1569852961
1569853214
1569853507
1569853981
1569855125
1569855564
1570446900
1570447993
1570448055
1570448704
1570449188
1570449614
1570542986
1570543220
1570543577
1570543793
1570544705
1570544967
1570545166
1571322888
1571323089
1571323601
1571324004
1571324402
1571324794
1571325206
1571325406
1571325608
1571325809
1571326006
1571326534
1571326909
1571327118
1571327326
1571327725
1571328115
1571328507
1571328897
1571329290
1571329678
1571330596
1571395806
1571395998
1571396195
1571396394
1571396591
1571396790
1571397020
1571397223
1571397422
1571397618
1571397816
1571398229
1571398625
1571399016
1571399408
1571399800
1571400197
1571400617
1571401018
1571401410
1571404867
1571405064
1571405264
1571405463
1571405694
1571406773
1571407180
1571407573
1571407963
1571408354
1571408746
1571409114
1571409316
1571409515
1571409731
1571664300
1571664537
1571665048
1571665258
1571665452
1571665647
1571665842
1571666238
1571666629
1571667021
1571667412
1571667858
1571668264
1571668458
1571668662
1571668857
1571669057
1571669508
1571751942
1571752130
1571752328
1571752533
1571752729
1571752926
1571753122
1571753319
1571753517
1571753712
1571753909
1571754419
1571754809
1571755213
1571755614
1571755966
1571756135
1571756842
1571757281
1571757697
1571758095
1571758485
1571760070
1571760268
1571760466
1571760666
1571760866
1571761065
1571761278
1571761471
1571761666
1571761865
1571762100
1571762492
1571762888
1571763278
1571763669
1571764074
1571764488
1571764880
1571765269
1571765660
1571766049
1571766957
1571767018
1571922171
1572003155
1572003373
1572003571
1572003768
1572003964
1572004159
1572004355
1572004552
1572004754
1572004953
1572006243
1572006959
1572007377
1572007871
1572008281
1572008683
1572009079
1572009467
1572009858
1572010249
1572010645
1572011035
1572011353
1572011548
1572011747
1572011941
1572012138
1572012334
1572012529
1572012722
1572012917
1572013112
1572013598
1572013992
1572014383
1572014773
1572264952
1572265172
1572265372
1572265569
1572265768
1572265971
1572266172
1572266372
1572266570
1572266770
1572268057
1572268116
1572268830
1572269238
1572269645
1572270062
1572270458
1572270850
1572272220
1572272547
1572272883
1572273217
1572273562
1572274057
1572274223
1572274398
1572274564
1572274736
1572274906
1572275075
1572275251
1572275422
1572275597
1572275987
1572276318
1572276658
1572276988
1572277319
1572277654
1572278013
1572278345
1572361118
1572361387
1572361583
1572361779
1572361975
1572362171
1572362366
1572362562
1572362762
1572362956
1572363155
1572363735
1572364064
1572364396
1572364728
1572365070
1572365400
1572365780
1572366159
1572366492
1572366825
1572367015
1572367183
1572367352
1572367521
1572367705
1572367882
1572368049
1572368219
1572368382
1572369532
1572369854
1572370183
1572370515
1572370846
1572371175
1572371506
1572371838
1572372167
1572372496
1572532176
1572532507
1572532714
1572532985
1572533840
1572534195
1572534542
1572534874
1572535222
1572535553
1572535887
1572536218
1572536581
1572536918
1572537784
1572537840
1572538441
1572538493
1572539099
1572539149
1572539751
1572539802
1572540400
1572540457
1572541311
1572541360
1572541957
1572542010
1572542607
1572542658
1572543253
1572543303
1572543926
1572543976
1572544602
1572544770
1572544944
1572545120
1572869929
1572870114
1572870334
1572870518
1572870737
1572870906
1572871675
1572871726
1572872323
1572872374
1572873005
1572873055
1572873653
1572873706
1572874311
1572874764
1572875377
1572875428
1572876243
1572876334
1572877456
1572877507
1572878112
1572878181
1572879355
1572879849
1572879899
1572880130
1572880465
1572880804
1572881150
1572881482
1572881817
1572882147
1572882538
1572882868
1572883227
1572965307
1572965495
1572965663
1572965832
1572965996
1572966168
1572966340
1572966506
1572966698
1572966869
1572967033
1572967742
1572967795
1572968728
1572969099
1572969698
1572969752
1572970359
1572970412
1572971010
1572971063
1572971673
1572971723
1572972334
1572972385
1572973046
1572973096
1572973699
1572973750
1572974351
1572974400
1572975005
1572975056
1572975455
1572975795
1572976157
1572976538
1572976866
1572977198
1572977560
1572977889
1573206959
1573207143
1573207311
1573207478
1573207645
1573207816
1573207983
1573208147
1573208314
1573208481
1573208650
1573209282
1573209336
1573209952
1573210002
1573210615
1573210666
1573211284
1573211335
1573211941
1573211991
1573212589
1573212640
1573213242
1573213293
1573213907
1573213958
1573214566
1573214617
1573215224
1573218121
1573218482
1573218816
1573218925
1573220218
1573220382
1573220551
1573220720
1573220888
1573221054
1573221220
1573221387
1573221556
1573221724
1573221890
1573222085
1573222252
1573222416
1573222583
1573301065
1573301234
1573301404
1573301585
1573301769
1573301941
1573302115
1573302292
1573302460
1573302625
1573303779
1573303943
1573304106
1573304267
1573304433
1573304596
1573304760
1573304918
1573305078
1573305241
1573306381
1573306715
1573307039
1573307374
1573307691
1573308013
1573308327
1573308658
1573308979
1573309301
1573310152
1573310727
1573310775
1573311343
1573311391
1573311961
1573312009
1573312660
1573312706
1573313279
1573313328
1573313902
1573313950
1573314530
1573314577
1573315147
1573741803
1573741860
1573741908
1573741978
1573743555
1573743609
1573743659
1573743711
1573743759
1573743810
1573743858
1573743909
1573743958
1573744007
1573744056
1573744104
1573744152
1573744201
1573744250
1573744300
1573744348
1573744396
1573744439
1573744487
1573744535
1573744599
1573744642
1573744692
1573744740
1573744806
1573744856
1573744904
1573744992
1573745040
1573745089
1573745224
1573745273
1573745321
1573745369
1573745424
1573745471
1573745521
1573745569
1573745621
1573745672
1573745721
1573745768
1573745822
1573745871
1573745921
1573745969
1573746017
1573746066
1573746117
1573746166
1573746215
1573746264
1573746317
1573746364
1573746417
1573746465
1573746515
1573746562
1573746610
1573748822
1573748931
1573748978
1573749027
1573749080
1573749128
1573749185
1573749240
1573749290
1573749334
1573749386
1573749467
1573749521
1573749572
1573749621
1573749672
1573749719
1573749771
1573749819
1573749867
1573752409
1573752615
1573752832
1573752989
1573753147
1573753302
1573753460
1573753615
1573753777
1573754599
1573754754
1573754913
1573755081
1573755244
1573755403
1573755557
1573755718
1573755875
1573756031
1573827929
1573828239
1573828547
1573828854
1573829159
1573829463
1573829844
1573830332
1573830641
1573830947
1573831252
1573831497
1573831656
1573831829
1573831982
1573832138
1573832297
1573832464
1573832616
1573832772
1573832927
1573833126
1573833288
1573833444
1573833605
1573900965
1573901136
1573901291
1573901446
1573901610
1573901764
1573901918
1573902074
1573902231
1573902387
1573902546
1573902888
1573903199
1573903513
1573903822
1573904132
1573904439
1573904511
1574685707
1574685882
1574686068
1574686224
1574686389
1574686545
1574686709
1574686875
1574687066
1574687237
1574687901
1574688211
1574689200
1574689250
1574689572
1574689760
1574689946
1574690118
1574690284
1574690455
1574690624
1574690785
1574690954
1574691134
1574691902
1574692222
1574692540
1574693451
1574693770
1574694100
1574694536
1574694962
1574695399
1574695742
1574706637
1574706684
1574706732
1574707016
1574707170
1574707985
1574708630
1574708658
1574708988
1574709109
1574709295
1574709893
1574710406
1574710453
1574710596
1574711150
1574950688
1574950997
1574951372
1574951727
1574952054
1574952369
1574952773
1574953134
1574953463
1574953789
1574954115
1574954280
1574954447
1574954619
