1569849956 43.367498116
1569850160 43.102993149
1569850692 41.8472481
1569850973 42.880895428
1569851179 42.980011584
1569851528 43.45756983
1569851735 43.461728046
1569851965 42.750760339
1569852195 42.961200668
1569852432 43.25778802
1569853040 43.327576445
1569853351 45.40701796
1570543078 45.213255608
1570543439 46.106162493
1570543641 54.694923644
1570544570 42.059121642
1570544774 97.518199941
1570545031 41.00111334
1570545240 48.390011502
1571322949 46.39321065
1571325072 41.67149299
1571325269 41.407666105
1571325468 47.053014863
1571325672 43.315860466
1571325871 40.755649751
1571326072 41.755095205
1571326763 41.270333897
1571326975 45.030830497
1571327182 46.028130398
1571395864 41.229239112
1571396060 41.448336128
1571396257 41.298444504
1571396456 41.414891993
1571396654 41.685129712
1571396853 70.52059597
1571397082 45.773130198
1571397287 43.258940171
1571397485 41.48325697
1571397682 41.187148519
1571404929 42.757129219
1571405129 41.384722076
1571405326 41.652983501
1571405526 69.910412435
1571405758 41.581142771
1571408947 70.876218791
1571409178 41.843872752
1571409380 41.162890742
1571409579 59.293124297
1571409795 41.680071774
1571664362 41.642246889
1571664906 39.771837409
1571665109 39.707504594
1571665320 39.974296032
1571665514 40.078662445
1571665709 40.206093829
1571668127 39.833320523
1571668326 39.501696552
1571668530 39.539271058
1571668724 39.740720546
1571668927 37.035019947
1571751998 39.917057037
1571752192 40.277458909
1571752392 40.835914472
1571752597 39.831542928
1571752792 40.033491564
1571752988 39.900764257
1571753185 39.753960403
1571753382 39.915119441
1571753580 40.121442451
1571753776 41.135475722
1571760135 40.020732754
1571760330 39.962730567
1571760535 39.847094306
1571760730 40.073547316
1571760931 41.080192953
1571761140 39.797200377
1571761340 39.776530903
1571761535 39.582942977
1571761730 40.102601213
1571761942 36.227357331
1572003241 39.580458786
1572003435 41.807730587
1572003633 39.476706143
1572003831 39.595644712
1572004027 39.804354219
1572004223 40.041143513
1572004417 39.87304995
1572004617 39.559970786
1572004818 39.708389771
1572005017 39.779955469
1572011219 39.53338497
1572011415 40.304316866
1572011609 41.527858472
1572011808 39.947914726
1572012005 39.499959232
1572012202 39.996693256
1572012397 39.397880341
1572012591 39.669257768
1572012786 39.856180956
1572012979 40.140509897
1572265039 40.533949424
1572265236 39.756464694
1572265434 40.465107166
1572265632 40.519197055
1572265834 44.220836442
1572266040 39.860717489
1572266233 43.973737486
1572266437 40.205214491
1572266637 39.953378696
1572266835 44.608185496
1572274106 35.348858688
1572274279 34.796546807
1572274452 30.996186081
1572274616 39.733266445
1572274788 35.016650865
1572274958 34.58963327
1572275127 38.06388133
1572275306 35.148078607
1572275474 36.383975956
1572275649 34.682788663
1572361252 40.132696768
1572361450 39.670560829
1572361645 39.444566976
1572361840 39.732139395
1572362040 39.544698891
1572362233 39.607729236
1572362429 40.07938629
1572362625 43.534661225
1572362824 39.656762673
1572363019 39.82080794
1572366899 34.134999644
1572367066 34.70416858
1572367235 36.276652313
1572367404 34.994656555
1572367587 34.178063651
1572367763 36.141219099
1572367934 34.343633444
1572368102 35.482493122
1572368268 35.143714843
1572368434 34.541408156
1572532369 40.512834635
1572532571 39.528017743
1572532776 39.598878979
1572544486 34.715726173
1572544654 35.373270908
1572544824 36.360040923
1572544998 34.365994962
1572545172 34.139611258
1572869998 34.936174356
1572870166 86.812998699
1572870387 46.146731715
1572870572 83.442080655
1572870788 36.368375051
1572965380 34.599299542
1572965547 34.430147725
1572965714 33.884262442
1572965884 34.147868315
1572966055 34.545977367
1572966221 35.352789388
1572966392 35.045762005
1572966577 34.260491519
1572966756 33.855776156
1572966920 34.350932155
1573207026 35.382079469
1573207195 34.920424872
1573207364 35.293635122
1573207530 34.472027598
1573207700 34.035321223
1573207868 33.704828775
1573208034 34.306635641
1573208199 34.685489572
1573208367 35.60788555
1573208533 34.515049861
1573220269 34.084407027
1573220436 34.493747732
1573220604 34.633405141
1573220772 34.704655011
1573220940 35.494437366
1573221108 33.976666341
1573221272 33.874284347
1573221441 34.662858329
1573221607 35.45881311
1573221777 35.048157749
1573221966 34.004104112
1573222137 34.032148846
1573222304 34.39558552
1573222468 35.405372354
1573222637 36.530227248
1573301117 34.556438048
1573301287 33.974188139
1573301468 33.72654986
1573301640 29.593119426
1573301822 34.799332544
1573302000 35.057783237
1573302169 34.473635573
1573302343 34.839463493
1573302512 35.276949968
1573302678 50.083712082
1573303833 33.244796905
1573303993 37.426473118
1573304157 32.729694538
1573304323 33.599353939
1573304482 33.05811063
1573304650 32.301693596
1573304809 32.453306928
1573304968 33.748022937
1573305131 32.004149991
1573305291 32.113493542
1573752463 32.203969663
1573752721 32.363532434
1573752880 32.53924388
1573753038 33.531301466
1573753196 32.294672297
1573753350 33.201939391
1573753509 32.689938625
1573753663 32.377273362
1573753825 32.068523821
1573754645 31.951541772
1573754804 33.159027302
1573754965 33.062982548
1573755133 31.292449112
1573755293 34.159766059
1573755451 33.332512709
1573755607 31.813261308
1573755766 31.569220636
1573755923 32.671544479
1573756080 32.846255757
1573831388 32.389501748
1573831546 33.237411753
1573831704 32.902363273
1573831878 31.467707495
1573832030 31.621388813
1573832189 34.137002563
1573832345 32.307147713
1573832512 32.016397626
1573832667 32.020847222
1573832822 33.040100308
1573833017 32.869395702
1573833175 31.316285223
1573833338 31.976612529
1573833495 32.828929677
1573833653 32.205477929
1573901027 31.323239121
1573901185 32.144163604
1573901341 32.573128182
1573901496 32.878971881
1573901658 31.502335782
1573901812 32.749437792
1573901966 33.163466215
1573902125 31.755520714
1573902282 32.890828556
1573902438 32.600017846
1574685754 33.924486242
1574685943 34.74333824
1574686117 32.84690689
1574686274 35.432205187
1574686436 32.979989862
1574686602 33.884789901
1574686758 41.101068518
1574686950 34.940830736
1574687114 46.514236154
1574687291 33.589705562
1574689621 32.29643284
1574689835 34.060553786
1574690006 32.977214977
1574690172 35.26991067
1574690345 33.590415909
1574690505 32.085419087
1574690674 34.664699522
1574690835 33.020095997
1574691019 33.843931835
1574691199 33.104830432
1574706820 34.464821769
1574707064 32.730453461
1574954167 32.103329949
1574954330 33.414650922
1574954505 34.748989328
1574954670 34.539649934
1574954854 32.239255121
1574955011 33.294611809
1574955271 32.517213619
1574955429 34.327826209
1574955589 32.409574875
1574955750 33.056021049
1575026497 32.541575512
1575026659 33.020477349
1575026820 33.344211662
1575026980 32.785152827
1575027144 32.996233285
1575027305 32.99686535
1575027471 33.070947711
1575027627 34.0248024
1575027792 34.082361999
1575027957 33.116812876
1575112813 32.349996503
1575112975 32.013415746
1575113137 32.057850555
1575113297 32.748721534
1575113455 34.260497822
1575113615 32.111710808
1575113772 33.034849135
1575113930 33.501037702
1575114091 35.468733021
1575114255 32.229195426
1575289742 33.455875964
1575289910 33.269092533
1575290075 34.964845319
1575290258 33.47490866
1575290430 33.045227714
1575290607 32.392966071
1575290775 33.123217996
1575290937 28.101689942
1575291094 33.091565337
1575291256 33.523988406
1575384145 32.697855365
1575384305 32.721296906
1575384465 32.671352719
1575384623 33.695088647
1575384788 31.857328718
1575384943 33.948637667
1575385104 35.095370993
1575385266 31.840805169
1575385425 32.485686833
1575385589 32.978131891
1575556525 33.569088436
1575556687 32.936403755
1575556851 41.441221498
1575557031 46.144407205
1575557213 33.296741789
1575557398 33.08854703
1575557571 33.004595891
1575557745 33.449481868
1575558203 32.843650957
1575558393 31.895750051
1579184024 32.530550447
1579184739 33.142922495
1579184901 32.56572284
1579185062 33.420387626
1579185237 33.492770721
1579185413 34.130871312
1579185596 34.93660538
1579185770 40.871915728
1579185964 32.478234788
1579186136 33.294158869
1579351754 32.364360988
