1569850046
1569850807
1569851064
1569851269
1569851619
1569851832
1569852061
1569852285
1569852522
1569853141
1569853450
1570543169
1570543532
1570543741
1570544659
1570544918
1570545118
1570545335
1571323042
1571325160
1571325356
1571325562
1571325762
1571325958
1571326302
1571326850
1571327066
1571327275
1571395952
1571396149
1571396345
1571396545
1571396744
1571396970
1571397174
1571397376
1571397572
1571397770
1571405018
1571405216
1571405414
1571405643
1571405846
1571409064
1571409266
1571409468
1571409685
1571409883
1571664997
1571665195
1571665406
1571665600
1571665796
1571668213
1571668412
1571668616
1571668810
1571669011
1571752084
1571752280
1571752479
1571752684
1571752879
1571753074
1571753272
1571753469
1571753666
1571753863
1571760221
1571760419
1571760620
1571760816
1571761018
1571761227
1571761426
1571761621
1571761817
1571762024
1572003327
1572003523
1572003719
1572003917
1572004113
1572004309
1572004503
1572004702
1572004904
1572005103
1572011304
1572011501
1572011697
1572011895
1572012091
1572012288
1572012483
1572012677
1572012872
1572013066
1572265126
1572265322
1572265521
1572265719
1572265925
1572266126
1572266324
1572266525
1572266723
1572266926
1572274181
1572274354
1572274522
1572274695
1572274863
1572275032
1572275204
1572275381
1572275549
1572275723
1572361341
1572361537
1572361731
1572361926
1572362125
1572362319
1572362515
1572362714
1572362910
1572363106
1572366972
1572367140
1572367312
1572367478
1572367661
1572367838
1572368007
1572368175
1572368342
1572368507
1572532456
1572532657
1572532862
1572544559
1572544728
1572544899
1572545072
1572545245
1572870074
1572870291
1572870474
1572870695
1572870863
1572965453
1572965621
1572965788
1572965957
1572966129
1572966295
1572966466
1572966650
1572966829
1572966993
1573207101
1573207269
1573207438
1573207603
1573207773
1573207940
1573208107
1573208273
1573208441
1573208606
1573220342
1573220509
1573220677
1573220846
1573221014
1573221180
1573221344
1573221515
1573221681
1573221851
1573222039
1573222210
1573222377
1573222543
1573222712
1573301191
1573301359
1573301541
1573301709
1573301895
1573302075
1573302243
1573302417
1573302586
1573302769
1573303903
1573304067
1573304228
1573304394
1573304553
1573304719
1573304878
1573305039
1573305200
1573305360
1573752532
1573752790
1573752949
1573753108
1573753265
1573753420
1573753579
1573753732
1573753893
1573754713
1573754873
1573755035
1573755201
1573755364
1573755521
1573755675
1573755834
1573755992
1573756151
1573831457
1573831615
1573831774
1573831945
1573832097
1573832260
1573832417
1573832580
1573832736
1573832891
1573833087
1573833242
1573833406
1573833564
1573833721
1573901096
1573901253
1573901409
1573901565
1573901726
1573901880
1573902036
1573902193
1573902351
1573902507
1574685825
1574686018
1574686186
1574686349
1574686506
1574686672
1574686836
1574687022
1574687197
1574687361
1574689690
1574689906
1574690075
1574690245
1574690415
1574690575
1574690746
1574690905
1574691090
1574691269
1574706890
1574707133
1574954235
1574954400
1574954577
1574954741
1574954926
1574955082
1574955340
1574955499
1574955658
1574955819
1575026568
1575026728
1575026889
1575027050
1575027213
1575027375
1575027541
1575027698
1575027862
1575028026
1575112883
1575113047
1575113205
1575113368
1575113526
1575113685
1575113842
1575114000
1575114163
1575114324
1575289813
1575289979
1575290147
1575290334
1575290503
1575290680
1575290846
1575291002
1575291164
1575291326
1575384214
1575384373
1575384534
1575384695
1575384856
1575385016
1575385176
1575385335
1575385499
1575385658
1575556595
1575556756
1575556928
1575557114
1575557283
1575557467
1575557643
1575557815
1575558275
1575558461
1579184094
1579184808
1579184970
1579185134
1579185307
1579185486
1579185667
1579185846
1579186035
1579186206
1579351830
1579351990
