1569850046 51.20904008
1569850807 49.377972268
1569851064 50.56850351
1569851269 57.946624288
1569851619 48.198029459
1569851832 47.617953028
1569852061 46.143532268
1569852285 51.263653669
1569852522 47.57993178
1569853141 72.861301081
1569853450 57.551028356
1570543169 50.464442941
1570543532 45.875842365
1570543741 51.543136689
1570544659 46.53804734
1570544918 48.998292282
1570545118 47.703364095
1570545335 57.35073204
1571323042 46.580547622
1571325160 45.693051998
1571325356 48.632134652
1571325562 46.007375804
1571325762 47.516186984
1571325958 47.934087869
1571326302 223.732792581
1571326850 58.966780947
1571327066 51.719910982
1571327275 50.709012258
1571395952 45.948003184
1571396149 45.989744273
1571396345 48.841814335
1571396545 46.864497584
1571396744 46.385639635
1571396970 50.489135
1571397174 48.521370418
1571397376 46.282507779
1571397572 45.817944322
1571397770 46.541885214
1571405018 46.096667391
1571405216 47.374600042
1571405414 49.490961077
1571405643 50.55207594
1571405846 46.273819616
1571409064 50.035985986
1571409266 49.754738479
1571409468 46.951702948
1571409685 46.171187571
1571409883 45.695381798
1571664997 50.195906176
1571665195 63.404935593
1571665406 45.861019297
1571665600 46.469962541
1571665796 45.946567671
1571668213 51.338273551
1571668412 46.417326304
1571668616 46.419738618
1571668810 46.483560251
1571669011 45.68243468
1571752084 46.486239313
1571752280 48.790592941
1571752479 53.761195842
1571752684 45.608523304
1571752879 47.091838791
1571753074 47.888715924
1571753272 47.054681302
1571753469 47.847921745
1571753666 46.493997853
1571753863 45.689225106
1571760221 46.363462725
1571760419 47.516835608
1571760620 45.705638336
1571760816 49.742384609
1571761018 46.93548852
1571761227 51.297832898
1571761426 45.363727031
1571761621 45.504115108
1571761817 48.126943862
1571762024 46.016102766
1572003327 45.511998464
1572003523 48.016739154
1572003719 48.764394765
1572003917 46.979012834
1572004113 45.672909193
1572004309 45.72910553
1572004503 48.660418481
1572004702 52.091685737
1572004904 48.74041997
1572005103 45.874401008
1572011304 48.100797133
1572011501 46.43246325
1572011697 49.891537602
1572011895 45.839352533
1572012091 47.121770638
1572012288 46.277356661
1572012483 46.642471719
1572012677 45.098019045
1572012872 45.574755463
1572013066 45.980636349
1572265126 46.243859699
1572265322 49.678889814
1572265521 47.244558857
1572265719 48.817844387
1572265925 46.136624933
1572266126 45.708510872
1572266324 47.904881458
1572266525 45.901737964
1572266723 47.031853223
1572266926 50.966293746
1572274181 42.405583166
1572274354 44.709393462
1572274522 41.368385245
1572274695 41.935067135
1572274863 43.202588783
1572275032 43.177869222
1572275204 46.860408125
1572275381 40.991401223
1572275549 47.596805015
1572275723 40.449835518
1572361341 45.640418152
1572361537 45.986932067
1572361731 47.723196645
1572361926 49.591885695
1572362125 45.827131953
1572362319 47.78054645
1572362515 46.791741728
1572362714 47.572759854
1572362910 46.072326287
1572363106 49.038257864
1572366972 43.387387462
1572367140 43.613776416
1572367312 40.747677104
1572367478 42.67072245
1572367661 44.665060374
1572367838 43.62632597
1572368007 42.866372655
1572368175 43.995071196
1572368342 39.523716998
1572368507 48.217351262
1572532456 51.047485436
1572532657 56.91948566
1572532862 122.873179281
1572544559 42.408309166
1572544728 42.519680642
1572544899 44.647350056
1572545072 48.046878814
1572545245 44.511357876
1572870074 40.290004722
1572870291 42.596822865
1572870474 44.099451681
1572870695 41.987333526
1572870863 42.398208554
1572965453 42.271987135
1572965621 41.896593295
1572965788 43.907085696
1572965957 39.043385902
1572966129 39.303962966
1572966295 44.747535646
1572966466 39.928198558
1572966650 48.167268185
1572966829 39.31522824
1572966993 39.347781945
1573207101 42.101392817
1573207269 42.30548545
1573207438 39.740137941
1573207603 41.610517413
1573207773 43.098659874
1573207940 42.497443637
1573208107 39.794723722
1573208273 40.96489835
1573208441 39.586942826
1573208606 43.724916739
1573220342 40.02890975
1573220509 41.593111523
1573220677 43.016925441
1573220846 41.831376007
1573221014 39.953088943
1573221180 39.692392508
1573221344 42.392536597
1573221515 41.488185447
1573221681 42.278523306
1573221851 39.738192159
1573222039 46.352619732
1573222210 41.891329875
1573222377 39.671425216
1573222543 40.485933729
1573222712 39.464657906
1573301191 43.586818281
1573301359 45.121249373
1573301541 43.93543601
1573301709 60.215374639
1573301895 45.326865714
1573302075 39.792358201
1573302243 49.042059413
1573302417 43.395647998
1573302586 39.46408611
1573302769 44.078554799
1573303903 40.273316601
1573304067 39.444102328
1573304228 38.697374367
1573304394 38.801096407
1573304553 43.287077947
1573304719 40.416831488
1573304878 40.00059282
1573305039 39.964081931
1573305200 41.403561605
1573305360 41.091839978
1573752532 83.145134106
1573752790 42.100214431
1573752949 40.521330606
1573753108 38.979173634
1573753265 36.64531924
1573753420 40.180669372
1573753579 36.496323143
1573753732 44.964517441
1573753893 38.691788223
1573754713 41.039810188
1573754873 40.135699191
1573755035 46.714926049
1573755201 43.3934019
1573755364 39.091700988
1573755521 36.316781863
1573755675 42.529696762
1573755834 41.392516898
1573755992 39.296250059
1573756151 42.719173337
1573831457 40.392839786
1573831615 41.204192376
1573831774 55.479434594
1573831945 36.588991524
1573832097 40.679639859
1573832260 37.279197474
1573832417 46.96761191
1573832580 36.653601968
1573832736 36.895470267
1573832891 36.046767151
1573833087 39.585090819
1573833242 46.155598053
1573833406 37.957911486
1573833564 40.32362881
1573833721 44.877291087
1573901096 40.300140685
1573901253 37.991577701
1573901409 37.010071828
1573901565 44.907159539
1573901726 37.645735863
1573901880 37.230714923
1573902036 38.619897659
1573902193 38.079076153
1573902351 36.743576547
1573902507 39.09641255
1574685825 57.081844996
1574686018 50.080123478
1574686186 38.02349979
1574686349 39.953864695
1574686506 38.791884423
1574686672 37.409049625
1574686836 38.875846979
1574687022 43.095365236
1574687197 40.486907305
1574687361 40.876469064
1574689690 69.355825835
1574689906 39.176636197
1574690075 42.939566907
1574690245 39.167256206
1574690415 39.490435231
1574690575 49.185106482
1574690746 38.525441968
1574690905 49.195045302
1574691090 43.991945738
1574691269 39.364998208
1574706890 94.608769146
1574707133 37.453948811
1574954235 45.020171425
1574954400 47.05024735
1574954577 42.305710064
1574954741 63.815545745
1574954926 37.363740719
1574955082 39.987173861
1574955340 39.054792887
1574955499 40.140439513
1574955658 43.198545254
1574955819 43.688843111
1575026568 42.15615662
1575026728 43.390260117
1575026889 42.510999426
1575027050 45.063378259
1575027213 43.612063845
1575027375 46.583840966
1575027541 44.324268807
1575027698 44.675779411
1575027862 46.396644949
1575028026 38.271342394
1575112883 40.624477712
1575113047 41.371742586
1575113205 41.921589503
1575113368 38.189754252
1575113526 41.27654168
1575113685 38.976081726
1575113842 38.662071417
1575114000 38.757766499
1575114163 43.304118522
1575114324 38.279047031
1575289813 41.919649318
1575289979 46.551260148
1575290147 60.639510781
1575290334 43.539416296
1575290503 42.336960171
1575290680 42.439904162
1575290846 39.080443571
1575291002 41.746117775
1575291164 41.295134839
1575291326 43.307847326
1575384214 42.750618484
1575384373 43.099547806
1575384534 40.826807808
1575384695 44.858816704
1575384856 38.434501912
1575385016 39.296599268
1575385176 41.736297357
1575385335 42.027870027
1575385499 41.34495131
1575385658 38.63625006
1575556595 41.702845099
1575556756 45.284688667
1575556928 43.634099275
1575557114 41.298159925
1575557283 43.54139289
1575557467 41.147731856
1575557643 44.659313913
1575557815 42.224274586
1575558275 42.727981258
1575558461 40.430138827
1579184094 41.648399729
1579184808 42.14831432
1579184970 43.689926594
1579185134 41.720062903
1579185307 44.463865685
1579185486 43.559741762
1579185667 39.552763163
1579185846 43.53617055
1579186035 41.229125218
1579186206 41.735254821
1579351830 41.529925318
1579351990 42.340805065
