1569849895 61.005917635
1569850097 62.699653674
1569850857 116.39724665
1569851114 65.006991239
1569851450 77.911546074
1569851667 68.405837131
1569851879 86.14117106
1569852107 87.867186805
1569852336 95.669435709
1569852570 79.196460371
1569852649 311.824729458
1569852961 79.37394805
1569853214 137.535884138
1569853507 84.230790218
1569853981 251.902935605
1569855125 80.615547206
1569855564 74.503540396
1570446900 62.678034958
1570447993 61.769709244
1570448055 177.868884987
1570448704 77.803476277
1570449188 65.447495848
1570449614 102.159821313
1570542986 91.925092653
1570543220 219.478574283
1570543577 63.425914935
1570543793 777.188056055
1570544705 68.339404711
1570544967 64.019425424
1570545166 74.191560642
1571322888 61.383439738
1571323089 182.624984179
1571323601 62.970344529
1571324004 61.920004562
1571324402 63.943670926
1571324794 277.896649815
1571325206 62.819202774
1571325406 62.176034214
1571325608 64.499369418
1571325809 61.589761388
1571326006 65.353725333
1571326534 228.149566052
1571326909 65.579465421
1571327118 64.487686045
1571327326 70.814710221
1571327725 62.114414447
1571328115 61.98472489
1571328507 61.95515241
1571328897 62.697689886
1571329290 61.294020128
1571329678 265.653919658
1571330596 60.09977353
1571395806 57.62330655
1571395998 62.203802455
1571396195 62.182356427
1571396394 62.403982333
1571396591 62.995102916
1571396790 62.747089733
1571397020 61.9584884
1571397223 63.60194861
1571397422 62.716216367
1571397618 63.755045195
1571397816 83.883605254
1571398229 64.244066849
1571398625 63.112855739
1571399016 62.501004891
1571399408 62.286486713
1571399800 66.589301208
1571400197 62.831712636
1571400617 64.1498972
1571401018 62.226103503
1571401410 62.32360755
1571404867 62.540805255
1571405064 64.655715334
1571405264 62.400845374
1571405463 63.001129491
1571405694 64.395806815
1571406773 80.188863902
1571407180 62.1642268
1571407573 63.485500885
1571407963 61.829172213
1571408354 64.074316339
1571408746 201.457142662
1571409114 64.12390776
1571409316 63.839663921
1571409515 64.197740048
1571409731 63.916700489
1571664300 62.202268934
1571664537 368.207502627
1571665048 61.247246915
1571665258 61.396523478
1571665452 61.842949069
1571665647 62.269232883
1571665842 67.129027242
1571666238 61.881851675
1571666629 61.895267121
1571667021 63.364489559
1571667412 109.490752853
1571667858 269.079007846
1571668264 61.542429814
1571668458 72.006856184
1571668662 61.788994022
1571668857 70.580477004
1571669057 116.436550679
1571669508 65.104792631
1571751942 55.895247729
1571752130 62.133729366
1571752328 63.661526014
1571752533 64.515709297
1571752729 62.398630127
1571752926 61.759729556
1571753122 63.321970035
1571753319 63.633119613
1571753517 63.227699473
1571753712 63.158961694
1571753909 175.285330225
1571754419 62.768536859
1571754809 64.851476183
1571755213 64.223547021
1571755614 226.688681023
1571755966 84.620813006
1571756135 375.131059711
1571756842 79.694683297
1571757281 89.60270637
1571757697 62.629039649
1571758095 63.89270945
1571758485 63.878124038
1571760070 64.631954799
1571760268 62.190048313
1571760466 68.372961575
1571760666 63.654674121
1571760866 65.016402123
1571761065 74.796078376
1571761278 61.624662749
1571761471 63.76232133
1571761666 63.641881872
1571761865 76.592621991
1571762100 63.661953629
1571762492 71.5971656
1571762888 65.166497917
1571763278 62.459867763
1571763669 63.475931975
1571764074 66.049828761
1571764488 62.447296289
1571764880 62.602427808
1571765269 61.539492249
1571765660 62.340445981
1571766049 249.945342058
1571766957 61.619886374
1571767018 63.262678828
1571922171 60.047079578
1572003155 85.780139303
1572003373 62.299815446
1572003571 62.012686355
1572003768 63.420392515
1572003964 63.348475816
1572004159 63.809942195
1572004355 62.231271634
1572004552 64.693542682
1572004754 63.843408637
1572004953 64.227071249
1572006243 64.472796768
1572006959 86.678583614
1572007377 62.851328405
1572007871 61.971730274
1572008281 61.878195346
1572008683 63.331007328
1572009079 61.413647906
1572009467 62.762925911
1572009858 63.465619486
1572010249 68.639417499
1572010645 62.7315096
1572011035 183.406819448
1572011353 62.290601334
1572011548 61.675877769
1572011747 61.860357387
1572011941 63.900836716
1572012138 64.066703042
1572012334 62.549780663
1572012529 61.616316159
1572012722 63.808547618
1572012917 61.908762365
1572013112 157.300266865
1572013598 64.072197689
1572013992 62.925794182
1572014383 62.100850571
1572014773 63.074897675
1572264952 86.463883114
1572265172 64.281552795
1572265372 62.135187419
1572265569 63.64480034
1572265768 66.239678153
1572265971 69.20286377
1572266172 61.266339323
1572266372 65.179097897
1572266570 66.141355701
1572266770 64.574952271
1572268057 59.150785799
1572268116 210.463480976
1572268830 57.003715578
1572269238 64.53207221
1572269645 73.806819953
1572270062 61.983168245
1572270458 62.595830826
1572270850 64.391858405
1572272220 49.966672535
1572272547 53.133739885
1572272883 52.179874101
1572273217 53.36661838
1572273562 52.864548128
1572274057 49.557945035
1572274223 56.550973767
1572274398 53.737446058
1572274564 52.327872267
1572274736 51.842940921
1572274906 52.751806256
1572275075 51.873269268
1572275251 54.752415297
1572275422 51.940090755
1572275597 52.41080639
1572275987 52.180517612
1572276318 55.411252652
1572276658 51.927846253
1572276988 52.603748376
1572277319 51.801200628
1572277654 63.691109305
1572278013 52.569164088
1572278345 53.773622682
1572361118 133.944845339
1572361387 62.599911989
1572361583 62.662840686
1572361779 61.458473482
1572361975 64.171099735
1572362171 62.241241708
1572362366 62.564170865
1572362562 62.996937444
1572362762 61.554727395
1572362956 63.763388662
1572363155 303.078199783
1572363735 52.494608402
1572364064 52.603049945
1572364396 51.964163004
1572364728 51.991560322
1572365070 52.047486715
1572365400 99.967864438
1572365780 92.19651222
1572366159 56.207885612
1572366492 54.152847133
1572366825 73.681100716
1572367015 51.205239674
1572367183 51.825605189
1572367352 51.561996757
1572367521 66.05256716
1572367705 57.397281368
1572367882 52.066009396
1572368049 52.137155894
1572368219 48.600715201
1572368382 51.891149718
1572369532 44.352892705
1572369854 53.170813747
1572370183 53.518346223
1572370515 54.30571998
1572370846 52.263270893
1572371175 54.351236691
1572371506 53.95239269
1572371838 53.165754813
1572372167 51.998489568
1572372496 51.927305785
1572532176 193.15707143
1572532507 63.487310076
1572532714 62.26676599
1572532985 569.71059176
1572533840 52.055896297
1572534195 51.554806647
1572534542 51.9011856
1572534874 51.986712403
1572535222 52.109680948
1572535553 51.704346229
1572535887 52.980783772
1572536218 81.028049202
1572536581 55.335978396
1572536918 319.629604386
1572537784 55.725635912
1572537840 52.351701513
1572538441 51.214294926
1572538493 56.406366751
1572539099 50.49546856
1572539149 52.027018119
1572539751 50.31762168
1572539802 52.167007219
1572540400 57.440444114
1572540457 303.170713687
1572541311 49.848266285
1572541360 53.255094099
1572541957 52.258401212
1572542010 53.057822019
1572542607 50.64803156
1572542658 51.719759792
1572543253 50.637730021
1572543303 51.719689265
1572543926 49.92622757
1572543976 510.074379984
1572544602 51.748160854
1572544770 53.461429292
1572544944 53.885347567
1572545120 52.268096613
1572869929 68.86381305
1572870114 51.531101445
1572870334 52.568985821
1572870518 53.730427318
1572870737 51.719997533
1572870906 221.459358395
1572871675 51.595714006
1572871726 51.930635073
1572872323 50.777315334
1572872374 52.165714596
1572873005 50.008075677
1572873055 53.381133711
1572873653 52.33856516
1572873706 51.974091372
1572874311 65.463660829
1572874764 56.071086993
1572875377 50.611560832
1572875428 251.61560575
1572876243 91.183212129
1572876334 571.299985575
1572877456 50.528667699
1572877507 52.474891468
1572878112 69.438117686
1572878181 604.640563373
1572879355 50.290848078
1572879849 50.160815008
1572879899 138.528670346
1572880130 51.518940383
1572880465 51.739363687
1572880804 55.220951986
1572881150 51.451423452
1572881482 54.164313462
1572881817 51.979525904
1572882147 52.81201122
1572882538 51.669220075
1572882868 70.980854519
1572883227 52.595707669
1572965307 72.088110666
1572965495 51.646244864
1572965663 51.932716892
1572965832 51.759164511
1572965996 59.387080751
1572966168 52.788149966
1572966340 52.780281093
1572966506 70.202729052
1572966698 58.767842742
1572966869 51.444116601
1572967033 157.946897275
1572967742 53.281326598
1572967795 58.265119848
1572968728 371.076101158
1572969099 51.202622363
1572969698 53.677332486
1572969752 60.898039909
1572970359 52.6565827
1572970412 52.090425012
1572971010 53.355697726
1572971063 51.950874098
1572971673 50.27134067
1572971723 54.311710771
1572972334 50.930407755
1572972385 52.342550105
1572973046 50.030029118
1572973096 53.307794125
1572973699 51.781863135
1572973750 52.442789429
1572974351 49.518347983
1572974400 51.694092552
1572975005 50.645825571
1572975056 125.832907018
1572975455 53.499628769
1572975795 67.83031038
1572976157 102.352292908
1572976538 51.872843989
1572976866 53.064210126
1572977198 51.986506898
1572977560 52.947919503
1572977889 71.514654868
1573206959 67.087049912
1573207143 51.665156536
1573207311 52.852253062
1573207478 52.067270635
1573207645 55.492450113
1573207816 51.666712219
1573207983 51.511468022
1573208147 51.959656279
1573208314 52.885205034
1573208481 52.2665746
1573208650 88.127016222
1573209282 53.549063213
1573209336 53.030606063
1573209952 50.162627176
1573210002 52.757325935
1573210615 50.920214336
1573210666 54.572701367
1573211284 50.518312068
1573211335 52.256368931
1573211941 50.373034062
1573211991 51.162353856
1573212589 50.518545407
1573212640 52.214383297
1573213242 50.411481195
1573213293 52.087739897
1573213907 51.69268579
1573213958 54.675194771
1573214566 50.634850917
1573214617 53.634472509
1573215224 54.023511732
1573218121 84.12647667
1573218482 51.706305687
1573218816 109.565918363
1573218925 1292.400104088
1573220218 50.9932485
1573220382 53.97808775
1573220551 52.655917035
1573220720 52.392036808
1573220888 51.720344115
1573221054 53.590912386
1573221220 51.728988071
1573221387 54.499033419
1573221556 51.133047776
1573221724 52.996431001
1573221890 75.979675492
1573222085 51.715493151
1573222252 51.820665557
1573222416 51.922902058
1573222583 53.959629075
1573301065 52.088658268
1573301234 52.430485168
1573301404 64.169970569
1573301585 55.376004375
1573301769 52.383682064
1573301941 59.435957682
1573302115 53.387968483
1573302292 51.147631289
1573302460 51.303070531
1573302625 52.908673039
1573303779 54.399816279
1573303943 49.80179847
1573304106 51.417183982
1573304267 56.82815956
1573304433 49.836266275
1573304596 53.799488934
1573304760 48.95049209
1573304918 49.486378961
1573305078 52.882409779
1573305241 49.713442332
1573306381 67.693462967
1573306715 49.931333288
1573307039 56.41601759
1573307374 50.332485672
1573307691 49.912743763
1573308013 48.675256224
1573308327 49.204801173
1573308658 49.175621725
1573308979 48.722358674
1573309301 57.065184173
1573310152 46.84410317
1573310727 47.867298562
1573310775 49.43598936
1573311343 47.671971495
1573311391 49.123156959
1573311961 47.36690881
1573312009 47.872026541
1573312660 46.077813891
1573312706 49.404483717
1573313279 48.37548819
1573313328 50.392028875
1573313902 47.71289331
1573313950 48.795809832
1573314530 47.383906151
1573314577 50.474468078
1573315147 121.869707761
1573741803 56.799930694
1573741860 47.544233827
1573741908 69.944077812
1573741978 48.303425025
1573743555 54.751247807
1573743609 49.140063614
1573743659 52.970471789
1573743711 47.834639102
1573743759 50.802941174
1573743810 47.988038813
1573743858 50.660434513
1573743909 48.79219326
1573743958 49.847241944
1573744007 48.3046315
1573744056 48.607572725
1573744104 47.315703984
1573744152 49.580411987
1573744201 49.110905097
1573744250 49.758668617
1573744300 47.7372502
1573744348 47.788933136
1573744396 43.772446635
1573744439 47.525240246
1573744487 48.075120269
1573744535 64.125112338
1573744599 42.570177254
1573744642 50.820157961
1573744692 47.542900307
1573744740 65.980888298
1573744806 49.844021672
1573744856 48.115763288
1573744904 87.773052695
1573744992 48.229750197
1573745040 49.078208785
1573745089 134.700096251
1573745224 48.975743143
1573745273 48.521211142
1573745321 47.422939714
1573745369 54.97594586
1573745424 47.744994358
1573745471 49.670276731
1573745521 47.695926759
1573745569 52.040265451
1573745621 50.74416451
1573745672 48.997555491
1573745721 47.287998778
1573745768 54.225794115
1573745822 49.15779082
1573745871 49.839254553
1573745921 47.603506941
1573745969 48.264323412
1573746017 48.688477879
1573746066 51.546394472
1573746117 49.041918929
1573746166 48.751637751
1573746215 49.337891571
1573746264 52.29744432
1573746317 47.617778653
1573746364 53.199613877
1573746417 47.894960461
1573746465 49.61170552
1573746515 47.171813804
1573746562 48.21662507
1573746610 47.806896631
1573748822 108.626077245
1573748931 47.06111896
1573748978 49.03123857
1573749027 53.416350366
1573749080 47.706490739
1573749128 56.670671773
1573749185 55.134024204
1573749240 49.803089992
1573749290 43.84223132
1573749334 52.419114396
1573749386 81.256539474
1573749467 53.482549776
1573749521 51.312320535
1573749572 48.915211021
1573749621 50.723706475
1573749672 47.573976542
1573749719 51.321058027
1573749771 48.05233193
1573749819 47.988987962
1573749867 48.065183281
1573752409 54.262169491
1573752615 105.904667891
1573752832 48.257734335
1573752989 48.483090435
1573753147 49.386327318
1573753302 48.217209151
1573753460 49.050721329
1573753615 47.573533653
1573753777 48.222813254
1573754599 45.544180434
1573754754 49.957278477
1573754913 51.743425171
1573755081 51.764469828
1573755244 49.01537455
1573755403 48.716095885
1573755557 50.143236455
1573755718 47.830752713
1573755875 48.121498046
1573756031 49.270650984
1573827929 45.850265734
1573828239 47.840060238
1573828547 50.175313485
1573828854 48.420074721
1573829159 48.85317883
1573829463 50.450190117
1573829844 50.452540446
1573830332 48.956476802
1573830641 47.722287351
1573830947 49.968367942
1573831252 136.842079901
1573831497 48.730548252
1573831656 48.00639745
1573831829 48.290543652
1573831982 47.993047734
1573832138 50.750874641
1573832297 48.180765504
1573832464 47.514763978
1573832616 50.522728023
1573832772 49.26101546
1573832927 90.074631943
1573833126 48.60813054
1573833288 49.868925103
1573833444 50.218875781
1573833605 48.349271753
1573900965 62.163228018
1573901136 48.773815783
1573901291 50.07991037
1573901446 50.071844056
1573901610 47.92820952
1573901764 47.947757629
1573901918 48.521424168
1573902074 50.753649142
1573902231 50.874627022
1573902387 50.28888385
1573902546 84.650544387
1573902888 50.28300915
1573903199 50.51549936
1573903513 47.60758082
1573903822 49.313652034
1573904132 48.147715332
1573904439 72.292734774
1573904511 185.939729562
1574685707 47.112956382
1574685882 60.579961941
1574686068 49.053230077
1574686224 50.316287527
1574686389 47.934602216
1574686545 56.767618816
1574686709 48.672562363
1574686875 74.91139966
1574687066 48.438565077
1574687237 53.088343201
1574687901 46.836277054
1574688211 56.750920565
1574689200 49.765652981
1574689250 106.012758966
1574689572 49.149976982
1574689760 75.755667794
1574689946 60.430061835
1574690118 54.064071987
1574690284 60.716081682
1574690455 50.261298082
1574690624 49.802036995
1574690785 50.434102871
1574690954 65.198506779
1574691134 65.378460515
1574691902 49.768409993
1574692222 48.225507477
1574692540 52.260445117
1574693451 48.643273088
1574693770 59.149568824
1574694100 156.341842246
1574694536 49.780854776
1574694962 179.769481471
1574695399 79.647651069
1574695742 48.98383769
1574706637 47.15592802
1574706684 47.523739283
1574706732 87.828316541
1574707016 47.762312019
1574707170 72.766333969
1574707985 46.184158845
1574708630 96.88390981
1574708658 69.237324102
1574708988 121.425797801
1574709109 91.963723124
1574709295 46.873108456
1574709893 48.036288688
1574710406 46.487727978
1574710453 91.050762034
1574710596 46.847733796
1574711150 46.993504066
1574950688 46.96575716
1574950997 58.82067136
1574951372 72.550321539
1574951727 60.664509529
1574952054 52.359035406
1574952369 49.930662622
1574952773 61.56957355
1574953134 68.995872516
1574953463 49.709964469
1574953789 48.560095217
1574954115 51.807131007
1574954280 50.049442123
1574954447 58.404429196
1574954619 50.50078617
