1569849999 46.657406763
1569850203 47.167171684
1569850734 73.631112245
1569851016 47.771981271
1569851222 46.970112456
1569851572 47.042269541
1569851779 52.833126735
1569852008 52.44413825
1569852238 47.385294715
1569852475 46.975741057
1569853083 57.592795273
1569853397 53.060416564
1570543123 46.296101265
1570543485 46.105858084
1570543696 45.809857837
1570544612 46.657702553
1570544871 46.417739002
1570545072 46.618155587
1570545289 46.68449343
1571322996 46.098030677
1571325114 46.46400974
1571325310 46.481421395
1571325515 47.008108257
1571325716 46.23100628
1571325912 46.513518381
1571326113 71.683592477
1571326804 46.284634465
1571327020 46.188252197
1571327228 46.891964727
1571395905 46.442679128
1571396101 47.632638795
1571396298 46.504874361
1571396498 46.955475749
1571396696 47.914171413
1571396924 46.147504645
1571397128 46.410564711
1571397330 46.042492917
1571397526 46.127388119
1571397723 46.52169572
1571404972 46.274193075
1571405170 45.888781614
1571405368 46.147777251
1571405596 46.687588543
1571405800 46.559797946
1571409018 46.126526786
1571409220 46.091977878
1571409421 46.54966408
1571409638 46.383141408
1571409836 46.631273571
1571664404 87.87779498
1571664945 51.912524927
1571665149 46.524845404
1571665360 46.365634301
1571665554 46.198556896
1571665749 46.903981348
1571668167 46.534968129
1571668366 46.281079408
1571668570 46.129151444
1571668764 46.464385193
1571668964 46.78938377
1571752038 46.300430853
1571752233 46.937286404
1571752433 45.960301673
1571752637 46.627499384
1571752832 47.196237554
1571753028 46.283066561
1571753225 46.631780663
1571753422 46.536818362
1571753620 46.034011977
1571753817 46.607981264
1571760175 46.374644314
1571760370 49.017951361
1571760574 46.045573615
1571760770 46.460977405
1571760972 46.260415687
1571761180 46.688629157
1571761379 46.156565224
1571761574 46.287352207
1571761770 47.147138394
1571761978 46.438942265
1572003281 46.359878436
1572003477 46.594324714
1572003673 46.067486493
1572003871 45.979813587
1572004067 46.488638264
1572004263 46.324612293
1572004457 46.420835412
1572004656 46.011039484
1572004858 46.388505573
1572005057 45.989596358
1572011258 46.371699495
1572011455 45.944463603
1572011651 45.991695078
1572011848 46.480117435
1572012044 46.830168588
1572012242 45.984257368
1572012436 46.369556289
1572012631 46.355264521
1572012826 46.124498024
1572013020 46.734925694
1572265079 46.067050381
1572265276 46.387141091
1572265474 46.879958498
1572265673 46.353268118
1572265878 46.447206957
1572266080 46.01283706
1572266277 46.687443059
1572266477 47.575201449
1572266677 46.402122936
1572266879 46.485754968
1572274142 38.87319941
1572274314 39.347192641
1572274483 39.19623619
1572274656 38.823906256
1572274823 39.216319255
1572274993 38.984286025
1572275165 38.800088183
1572275341 40.571124275
1572275511 38.665064552
1572275684 38.821216878
1572361293 48.977236634
1572361489 47.284790817
1572361685 46.126939599
1572361880 46.067371862
1572362079 45.787107593
1572362273 45.993277049
1572362469 45.927891617
1572362668 46.100545416
1572362863 46.327060931
1572363059 46.367822615
1572366933 38.871547074
1572367101 38.815603159
1572367271 40.313353464
1572367439 38.783821184
1572367621 40.018584287
1572367799 38.696637817
1572367968 38.587747722
1572368137 38.321791458
1572368303 39.152171868
1572368468 39.003973397
1572532410 46.411919976
1572532610 46.781064839
1572532816 46.033888236
1572544521 38.562110775
1572544689 38.757445528
1572544860 39.037225441
1572545032 39.163897562
1572545206 38.821562666
1572870033 41.190421602
1572870252 39.043012842
1572870433 40.832019865
1572870655 39.038524885
1572870825 38.725554368
1572965414 38.941938335
1572965581 39.241710555
1572965748 39.611192295
1572965918 38.890583607
1572966090 38.911309218
1572966256 38.743763189
1572966427 39.131384047
1572966611 38.648694203
1572966790 38.984885007
1572966954 38.952589446
1573207062 39.017518107
1573207230 38.865695995
1573207399 38.94579956
1573207564 38.549549108
1573207734 39.026232497
1573207902 38.822954505
1573208069 38.630525595
1573208234 38.905889341
1573208402 39.076151785
1573208568 38.642856625
1573220303 39.197521025
1573220470 38.877098614
1573220638 38.823314273
1573220807 39.00750201
1573220975 38.978326802
1573221142 38.853806731
1573221306 38.691165856
1573221476 38.685373879
1573221643 38.611975229
1573221812 38.982042938
1573222000 38.691452562
1573222171 38.679917323
1573222338 38.801034379
1573222504 38.865282677
1573222674 38.769876673
1573301152 38.824494854
1573301321 38.607395788
1573301502 38.949789245
1573301670 39.060313983
1573301857 38.69715216
1573302035 40.403012952
1573302203 39.74424746
1573302378 38.977583805
1573302547 39.05999834
1573302728 40.374941636
1573303866 36.40281667
1573304030 36.256993428
1573304190 37.674933731
1573304357 36.864016574
1573304516 37.269591035
1573304682 36.990184131
1573304841 37.212670548
1573305001 37.088965796
1573305163 36.151050293
1573305323 36.779408222
1573752495 36.566265099
1573752753 36.660743331
1573752913 36.004755927
1573753071 36.540945137
1573753229 36.852422687
1573753383 36.699870134
1573753542 36.625040693
1573753695 36.429656851
1573753857 36.464783342
1573754677 36.32778244
1573754837 36.207701759
1573754998 36.466639594
1573755164 36.347093155
1573755327 36.179040868
1573755485 36.235036067
1573755639 36.199944603
1573755797 36.42088044
1573755956 35.93228964
1573756113 37.874645284
1573831421 35.873488003
1573831579 35.913731018
1573831737 36.750162793
1573831909 36.065023967
1573832061 36.039362433
1573832223 36.693130108
1573832377 39.769215003
1573832544 36.126523226
1573832699 36.591784532
1573832855 36.372081284
1573833050 36.425167511
1573833206 36.187950683
1573833370 36.026854074
1573833527 36.483526525
1573833685 36.265564784
1573901059 37.307721749
1573901217 35.942381914
1573901374 35.738833132
1573901529 35.952315079
1573901690 36.412512082
1573901844 36.085285636
1573901999 36.233601104
1573902157 36.198293595
1573902315 35.867620685
1573902470 36.467937023
1574685788 37.82262204
1574685978 40.121395913
1574686150 36.250837594
1574686310 38.658457867
1574686469 36.532069225
1574686635 36.350729701
1574686799 37.131887754
1574686985 37.681660071
1574687161 36.405695083
1574687324 36.936546748
1574689653 37.037545475
1574689869 37.085040092
1574690039 36.422567988
1574690208 37.045958002
1574690378 36.91503027
1574690537 38.196521148
1574690709 37.515000562
1574690868 36.56302895
1574691053 36.33888578
1574691232 36.66822899
1574706854 36.19561873
1574707096 36.357392888
1574954199 36.329108393
1574954363 36.346743092
1574954540 36.738420088
1574954704 36.500100875
1574954886 39.249146916
1574955045 37.150859408
1574955303 36.24865272
1574955463 36.279208402
1574955621 36.676024469
1574955783 36.324292359
1575026530 37.706570778
1575026692 36.398090126
1575026853 35.81776069
1575027013 37.120298278
1575027177 36.304279384
1575027338 36.338791206
1575027504 36.588843741
1575027661 36.227469059
1575027826 36.35883215
1575027990 36.189889983
1575112846 36.873779058
1575113007 40.286919402
1575113169 36.394233634
1575113330 38.097823944
1575113490 36.224726066
1575113647 37.553670277
1575113805 36.155451961
1575113963 36.513906269
1575114127 36.195426959
1575114287 36.297745242
1575289776 37.013848756
1575289943 36.066757795
1575290110 36.884485894
1575290291 43.225286069
1575290463 40.072274215
1575290639 40.071175399
1575290808 37.569350765
1575290965 36.828874853
1575291127 36.864472241
1575291289 36.484108579
1575384177 36.476547963
1575384337 36.11749229
1575384498 36.388925079
1575384657 37.798536392
1575384820 36.215997791
1575384977 38.831859167
1575385139 36.424478524
1575385298 36.63980519
1575385458 40.931533585
1575385622 36.589659867
1575556559 36.594712973
1575556720 36.653345442
1575556892 36.113148719
1575557077 36.677786854
1575557247 36.905069117
1575557431 36.003092781
1575557604 38.516857778
1575557779 36.622206118
1575558236 38.53321299
1575558425 35.986920412
1579184056 38.109954855
1579184772 36.654963069
1579184933 36.493771818
1579185095 39.085773774
1579185271 36.027381548
1579185447 38.826724609
1579185631 36.386592889
1579185810 36.023095415
1579185997 38.793675018
1579186170 36.551360149
1579351786 43.820399452
